Radiated power Lz per atom during dwell time tau at ne=1E20m**-3 and Te[1-10000eV]
P[W/m**3] = Lz * n_imp[m**-3] * ne[m**-3]
ne=1E20m**-3
     200           5 # of Te values, dwell times
Te[eV]
 1.000e+00 1.047e+00 1.097e+00 1.149e+00 1.203e+00 1.260e+00 1.320e+00 1.383e+00
 1.448e+00 1.517e+00 1.589e+00 1.664e+00 1.743e+00 1.825e+00 1.912e+00 2.002e+00
 2.097e+00 2.196e+00 2.300e+00 2.409e+00 2.524e+00 2.643e+00 2.768e+00 2.899e+00
 3.037e+00 3.181e+00 3.331e+00 3.489e+00 3.654e+00 3.827e+00 4.009e+00 4.199e+00
 4.398e+00 4.606e+00 4.824e+00 5.053e+00 5.292e+00 5.543e+00 5.805e+00 6.080e+00
 6.368e+00 6.670e+00 6.986e+00 7.317e+00 7.663e+00 8.026e+00 8.407e+00 8.805e+00
 9.222e+00 9.659e+00 1.012e+01 1.060e+01 1.110e+01 1.162e+01 1.217e+01 1.275e+01
 1.335e+01 1.399e+01 1.465e+01 1.534e+01 1.607e+01 1.683e+01 1.763e+01 1.846e+01
 1.934e+01 2.026e+01 2.121e+01 2.222e+01 2.327e+01 2.437e+01 2.553e+01 2.674e+01
 2.801e+01 2.933e+01 3.072e+01 3.218e+01 3.370e+01 3.530e+01 3.697e+01 3.872e+01
 4.055e+01 4.248e+01 4.449e+01 4.660e+01 4.880e+01 5.111e+01 5.354e+01 5.607e+01
 5.873e+01 6.151e+01 6.442e+01 6.748e+01 7.067e+01 7.402e+01 7.753e+01 8.120e+01
 8.504e+01 8.907e+01 9.329e+01 9.771e+01 1.023e+02 1.072e+02 1.123e+02 1.176e+02
 1.232e+02 1.290e+02 1.351e+02 1.415e+02 1.482e+02 1.552e+02 1.626e+02 1.703e+02
 1.783e+02 1.868e+02 1.956e+02 2.049e+02 2.146e+02 2.248e+02 2.354e+02 2.466e+02
 2.583e+02 2.705e+02 2.833e+02 2.967e+02 3.108e+02 3.255e+02 3.409e+02 3.571e+02
 3.740e+02 3.917e+02 4.103e+02 4.297e+02 4.501e+02 4.714e+02 4.937e+02 5.171e+02
 5.416e+02 5.672e+02 5.941e+02 6.223e+02 6.517e+02 6.826e+02 7.149e+02 7.488e+02
 7.843e+02 8.214e+02 8.603e+02 9.011e+02 9.438e+02 9.885e+02 1.035e+03 1.084e+03
 1.136e+03 1.190e+03 1.246e+03 1.305e+03 1.367e+03 1.431e+03 1.499e+03 1.570e+03
 1.645e+03 1.723e+03 1.804e+03 1.890e+03 1.979e+03 2.073e+03 2.171e+03 2.274e+03
 2.382e+03 2.495e+03 2.613e+03 2.736e+03 2.866e+03 3.002e+03 3.144e+03 3.293e+03
 3.449e+03 3.612e+03 3.783e+03 3.963e+03 4.150e+03 4.347e+03 4.553e+03 4.769e+03
 4.995e+03 5.231e+03 5.479e+03 5.738e+03 6.010e+03 6.295e+03 6.593e+03 6.906e+03
 7.233e+03 7.575e+03 7.934e+03 8.310e+03 8.704e+03 9.116e+03 9.548e+03 1.000e+04
Lz[Wm**3] for tau[ms]=    0.1
 1.772e-37 2.916e-37 4.800e-37 7.899e-37 1.300e-36 2.139e-36 3.520e-36 5.790e-36
 8.636e-36 1.242e-35 1.785e-35 2.565e-35 3.682e-35 5.281e-35 7.571e-35 1.051e-34
 1.375e-34 1.799e-34 2.361e-34 3.120e-34 4.173e-34 5.680e-34 7.833e-34 1.014e-33
 1.330e-33 1.761e-33 2.345e-33 3.121e-33 4.127e-33 5.436e-33 6.708e-33 8.069e-33
 9.640e-33 1.145e-32 1.358e-32 1.621e-32 1.938e-32 2.267e-32 2.570e-32 2.922e-32
 3.332e-32 3.815e-32 4.379e-32 5.027e-32 5.743e-32 6.293e-32 6.898e-32 7.564e-32
 8.325e-32 9.169e-32 1.010e-31 1.113e-31 1.193e-31 1.268e-31 1.347e-31 1.434e-31
 1.524e-31 1.617e-31 1.712e-31 1.788e-31 1.839e-31 1.891e-31 1.947e-31 2.001e-31
 2.053e-31 2.102e-31 2.144e-31 2.153e-31 2.168e-31 2.185e-31 2.201e-31 2.215e-31
 2.228e-31 2.237e-31 2.224e-31 2.215e-31 2.203e-31 2.188e-31 2.167e-31 2.140e-31
 2.106e-31 2.059e-31 2.009e-31 1.952e-31 1.889e-31 1.817e-31 1.738e-31 1.651e-31
 1.565e-31 1.482e-31 1.396e-31 1.308e-31 1.219e-31 1.131e-31 1.045e-31 9.782e-32
 9.164e-32 8.582e-32 8.046e-32 7.561e-32 7.128e-32 6.751e-32 6.522e-32 6.309e-32
 6.107e-32 5.937e-32 5.797e-32 5.689e-32 5.623e-32 5.613e-32 5.614e-32 5.595e-32
 5.592e-32 5.605e-32 5.629e-32 5.676e-32 5.744e-32 5.821e-32 5.856e-32 5.897e-32
 5.943e-32 5.994e-32 6.056e-32 6.123e-32 6.193e-32 6.237e-32 6.267e-32 6.297e-32
 6.328e-32 6.368e-32 6.406e-32 6.444e-32 6.470e-32 6.470e-32 6.469e-32 6.470e-32
 6.476e-32 6.482e-32 6.485e-32 6.486e-32 6.455e-32 6.423e-32 6.396e-32 6.372e-32
 6.347e-32 6.321e-32 6.293e-32 6.251e-32 6.203e-32 6.163e-32 6.125e-32 6.086e-32
 6.046e-32 6.006e-32 5.960e-32 5.900e-32 5.850e-32 5.800e-32 5.751e-32 5.701e-32
 5.651e-32 5.601e-32 5.530e-32 5.464e-32 5.400e-32 5.336e-32 5.274e-32 5.212e-32
 5.150e-32 5.072e-32 4.989e-32 4.908e-32 4.829e-32 4.751e-32 4.674e-32 4.599e-32
 4.522e-32 4.436e-32 4.352e-32 4.270e-32 4.189e-32 4.110e-32 4.033e-32 3.960e-32
 3.884e-32 3.810e-32 3.737e-32 3.666e-32 3.596e-32 3.529e-32 3.464e-32 3.399e-32
 3.334e-32 3.271e-32 3.209e-32 3.148e-32 3.090e-32 3.033e-32 2.977e-32 2.921e-32
Lz[Wm**3] for tau[ms]=    1.0
 1.772e-37 2.916e-37 4.798e-37 7.893e-37 1.298e-36 2.133e-36 3.501e-36 5.735e-36
 8.511e-36 1.215e-35 1.727e-35 2.441e-35 3.428e-35 4.781e-35 6.673e-35 9.080e-35
 1.170e-34 1.536e-34 2.073e-34 2.878e-34 4.082e-34 5.860e-34 8.375e-34 1.086e-33
 1.397e-33 1.778e-33 2.235e-33 2.783e-33 3.510e-33 4.439e-33 5.341e-33 6.374e-33
 7.669e-33 9.277e-33 1.127e-32 1.372e-32 1.667e-32 1.977e-32 2.266e-32 2.596e-32
 2.977e-32 3.425e-32 3.948e-32 4.554e-32 5.232e-32 5.776e-32 6.372e-32 7.022e-32
 7.743e-32 8.528e-32 9.376e-32 1.029e-31 1.097e-31 1.160e-31 1.223e-31 1.291e-31
 1.360e-31 1.428e-31 1.496e-31 1.543e-31 1.569e-31 1.596e-31 1.628e-31 1.658e-31
 1.686e-31 1.712e-31 1.731e-31 1.721e-31 1.712e-31 1.701e-31 1.679e-31 1.647e-31
 1.599e-31 1.536e-31 1.442e-31 1.353e-31 1.255e-31 1.145e-31 1.026e-31 9.028e-32
 7.791e-32 6.634e-32 5.742e-32 4.945e-32 4.251e-32 3.660e-32 3.165e-32 2.756e-32
 2.457e-32 2.234e-32 2.050e-32 1.902e-32 1.790e-32 1.712e-32 1.669e-32 1.675e-32
 1.689e-32 1.722e-32 1.774e-32 1.850e-32 1.949e-32 2.069e-32 2.203e-32 2.338e-32
 2.473e-32 2.618e-32 2.766e-32 2.922e-32 3.080e-32 3.235e-32 3.386e-32 3.517e-32
 3.648e-32 3.777e-32 3.896e-32 4.007e-32 4.111e-32 4.207e-32 4.270e-32 4.323e-32
 4.366e-32 4.397e-32 4.419e-32 4.434e-32 4.438e-32 4.417e-32 4.377e-32 4.325e-32
 4.260e-32 4.203e-32 4.135e-32 4.057e-32 3.965e-32 3.855e-32 3.736e-32 3.618e-32
 3.515e-32 3.407e-32 3.296e-32 3.181e-32 3.059e-32 2.937e-32 2.831e-32 2.738e-32
 2.646e-32 2.556e-32 2.467e-32 2.377e-32 2.287e-32 2.218e-32 2.155e-32 2.095e-32
 2.037e-32 1.983e-32 1.929e-32 1.876e-32 1.838e-32 1.802e-32 1.768e-32 1.736e-32
 1.707e-32 1.680e-32 1.651e-32 1.629e-32 1.608e-32 1.589e-32 1.572e-32 1.555e-32
 1.541e-32 1.525e-32 1.510e-32 1.496e-32 1.482e-32 1.470e-32 1.458e-32 1.447e-32
 1.436e-32 1.421e-32 1.406e-32 1.392e-32 1.378e-32 1.365e-32 1.353e-32 1.343e-32
 1.324e-32 1.305e-32 1.287e-32 1.270e-32 1.253e-32 1.237e-32 1.223e-32 1.206e-32
 1.188e-32 1.170e-32 1.153e-32 1.136e-32 1.121e-32 1.107e-32 1.092e-32 1.075e-32
Lz[Wm**3] for tau[ms]=   10.0
 1.771e-37 2.912e-37 4.784e-37 7.841e-37 1.280e-36 2.077e-36 3.327e-36 5.243e-36
 7.429e-36 9.943e-36 1.302e-35 1.680e-35 2.192e-35 2.994e-35 4.396e-35 6.526e-35
 9.186e-35 1.309e-34 1.870e-34 2.651e-34 3.692e-34 5.094e-34 6.899e-34 8.533e-34
 1.064e-33 1.345e-33 1.726e-33 2.241e-33 2.937e-33 3.856e-33 4.804e-33 5.887e-33
 7.204e-33 8.793e-33 1.071e-32 1.304e-32 1.584e-32 1.882e-32 2.169e-32 2.502e-32
 2.889e-32 3.340e-32 3.864e-32 4.469e-32 5.144e-32 5.687e-32 6.279e-32 6.920e-32
 7.628e-32 8.396e-32 9.225e-32 1.011e-31 1.078e-31 1.138e-31 1.198e-31 1.263e-31
 1.327e-31 1.390e-31 1.451e-31 1.493e-31 1.514e-31 1.534e-31 1.558e-31 1.579e-31
 1.594e-31 1.598e-31 1.584e-31 1.525e-31 1.451e-31 1.358e-31 1.234e-31 1.082e-31
 9.113e-32 7.375e-32 5.725e-32 4.578e-32 3.644e-32 2.888e-32 2.287e-32 1.815e-32
 1.448e-32 1.173e-32 1.000e-32 8.613e-33 7.516e-33 6.677e-33 6.075e-33 5.703e-33
 5.600e-33 5.641e-33 5.819e-33 6.167e-33 6.707e-33 7.461e-33 8.452e-33 9.621e-33
 1.080e-32 1.213e-32 1.359e-32 1.522e-32 1.698e-32 1.885e-32 2.063e-32 2.239e-32
 2.414e-32 2.590e-32 2.762e-32 2.932e-32 3.095e-32 3.244e-32 3.384e-32 3.509e-32
 3.625e-32 3.730e-32 3.816e-32 3.883e-32 3.932e-32 3.958e-32 3.940e-32 3.886e-32
 3.786e-32 3.631e-32 3.457e-32 3.256e-32 3.024e-32 2.764e-32 2.491e-32 2.219e-32
 1.960e-32 1.764e-32 1.584e-32 1.420e-32 1.273e-32 1.139e-32 1.020e-32 9.234e-33
 8.517e-33 7.875e-33 7.311e-33 6.813e-33 6.363e-33 5.967e-33 5.679e-33 5.467e-33
 5.288e-33 5.142e-33 5.024e-33 4.912e-33 4.815e-33 4.778e-33 4.768e-33 4.780e-33
 4.815e-33 4.875e-33 4.927e-33 4.954e-33 5.013e-33 5.084e-33 5.168e-33 5.264e-33
 5.371e-33 5.486e-33 5.528e-33 5.580e-33 5.633e-33 5.686e-33 5.737e-33 5.785e-33
 5.829e-33 5.831e-33 5.814e-33 5.789e-33 5.758e-33 5.719e-33 5.674e-33 5.620e-33
 5.566e-33 5.481e-33 5.391e-33 5.298e-33 5.201e-33 5.100e-33 5.002e-33 4.925e-33
 4.800e-33 4.676e-33 4.556e-33 4.439e-33 4.324e-33 4.221e-33 4.133e-33 4.026e-33
 3.915e-33 3.806e-33 3.704e-33 3.609e-33 3.529e-33 3.456e-33 3.380e-33 3.300e-33
Lz[Wm**3] for tau[ms]=  100.0
 1.771e-37 2.907e-37 4.748e-37 7.660e-37 1.203e-36 1.794e-36 2.468e-36 3.184e-36
 3.864e-36 4.758e-36 6.415e-36 9.410e-36 1.462e-35 2.350e-35 3.845e-35 6.050e-35
 8.742e-35 1.250e-34 1.750e-34 2.381e-34 3.169e-34 4.289e-34 5.834e-34 7.448e-34
 9.630e-34 1.257e-33 1.650e-33 2.176e-33 2.875e-33 3.795e-33 4.746e-33 5.831e-33
 7.145e-33 8.728e-33 1.063e-32 1.295e-32 1.574e-32 1.871e-32 2.159e-32 2.492e-32
 2.880e-32 3.331e-32 3.855e-32 4.460e-32 5.135e-32 5.678e-32 6.270e-32 6.909e-32
 7.616e-32 8.383e-32 9.209e-32 1.010e-31 1.076e-31 1.136e-31 1.196e-31 1.260e-31
 1.324e-31 1.386e-31 1.447e-31 1.488e-31 1.508e-31 1.528e-31 1.550e-31 1.569e-31
 1.579e-31 1.575e-31 1.544e-31 1.455e-31 1.342e-31 1.203e-31 1.032e-31 8.442e-32
 6.604e-32 4.977e-32 3.626e-32 2.779e-32 2.131e-32 1.633e-32 1.254e-32 9.684e-33
 7.547e-33 6.028e-33 5.171e-33 4.513e-33 4.031e-33 3.710e-33 3.548e-33 3.550e-33
 3.742e-33 4.014e-33 4.402e-33 4.941e-33 5.658e-33 6.578e-33 7.723e-33 9.014e-33
 1.031e-32 1.175e-32 1.332e-32 1.503e-32 1.687e-32 1.882e-32 2.063e-32 2.244e-32
 2.422e-32 2.601e-32 2.774e-32 2.944e-32 3.107e-32 3.254e-32 3.392e-32 3.515e-32
 3.629e-32 3.730e-32 3.809e-32 3.867e-32 3.903e-32 3.905e-32 3.852e-32 3.741e-32
 3.557e-32 3.290e-32 3.004e-32 2.694e-32 2.365e-32 2.038e-32 1.731e-32 1.456e-32
 1.220e-32 1.056e-32 9.159e-33 7.961e-33 6.938e-33 6.058e-33 5.313e-33 4.730e-33
 4.319e-33 3.964e-33 3.670e-33 3.426e-33 3.214e-33 3.040e-33 2.932e-33 2.872e-33
 2.836e-33 2.826e-33 2.837e-33 2.848e-33 2.868e-33 2.920e-33 2.991e-33 3.081e-33
 3.189e-33 3.316e-33 3.431e-33 3.513e-33 3.610e-33 3.713e-33 3.823e-33 3.936e-33
 4.050e-33 4.160e-33 4.189e-33 4.216e-33 4.234e-33 4.239e-33 4.231e-33 4.208e-33
 4.168e-33 4.094e-33 4.002e-33 3.899e-33 3.789e-33 3.672e-33 3.549e-33 3.423e-33
 3.306e-33 3.175e-33 3.048e-33 2.924e-33 2.802e-33 2.685e-33 2.574e-33 2.482e-33
 2.375e-33 2.272e-33 2.179e-33 2.092e-33 2.011e-33 1.938e-33 1.874e-33 1.806e-33
 1.739e-33 1.676e-33 1.620e-33 1.571e-33 1.529e-33 1.491e-33 1.454e-33 1.417e-33
Lz[Wm**3] for tau[ms]= 1000.0
 1.770e-37 2.906e-37 4.739e-37 7.596e-37 1.163e-36 1.614e-36 1.939e-36 2.234e-36
 2.692e-36 3.585e-36 5.341e-36 8.471e-36 1.383e-35 2.284e-35 3.789e-35 6.001e-35
 8.690e-35 1.241e-34 1.728e-34 2.334e-34 3.090e-34 4.186e-34 5.714e-34 7.335e-34
 9.528e-34 1.248e-33 1.643e-33 2.169e-33 2.869e-33 3.788e-33 4.740e-33 5.825e-33
 7.139e-33 8.721e-33 1.063e-32 1.294e-32 1.573e-32 1.870e-32 2.158e-32 2.492e-32
 2.879e-32 3.331e-32 3.855e-32 4.459e-32 5.134e-32 5.677e-32 6.269e-32 6.909e-32
 7.615e-32 8.382e-32 9.208e-32 1.009e-31 1.076e-31 1.136e-31 1.195e-31 1.260e-31
 1.323e-31 1.386e-31 1.447e-31 1.488e-31 1.507e-31 1.527e-31 1.550e-31 1.568e-31
 1.578e-31 1.573e-31 1.540e-31 1.447e-31 1.330e-31 1.185e-31 1.010e-31 8.190e-32
 6.344e-32 4.734e-32 3.415e-32 2.599e-32 1.980e-32 1.508e-32 1.151e-32 8.846e-33
 6.864e-33 5.469e-33 4.700e-33 4.115e-33 3.695e-33 3.427e-33 3.310e-33 3.352e-33
 3.574e-33 3.872e-33 4.282e-33 4.842e-33 5.578e-33 6.516e-33 7.678e-33 8.982e-33
 1.029e-32 1.174e-32 1.332e-32 1.505e-32 1.690e-32 1.884e-32 2.066e-32 2.247e-32
 2.426e-32 2.605e-32 2.778e-32 2.948e-32 3.110e-32 3.257e-32 3.395e-32 3.518e-32
 3.631e-32 3.732e-32 3.810e-32 3.868e-32 3.901e-32 3.901e-32 3.844e-32 3.727e-32
 3.533e-32 3.254e-32 2.955e-32 2.633e-32 2.295e-32 1.962e-32 1.652e-32 1.378e-32
 1.146e-32 9.853e-33 8.491e-33 7.339e-33 6.362e-33 5.529e-33 4.828e-33 4.283e-33
 3.902e-33 3.576e-33 3.310e-33 3.091e-33 2.903e-33 2.750e-33 2.661e-33 2.616e-33
 2.595e-33 2.598e-33 2.622e-33 2.645e-33 2.676e-33 2.737e-33 2.817e-33 2.914e-33
 3.029e-33 3.163e-33 3.284e-33 3.371e-33 3.471e-33 3.578e-33 3.689e-33 3.803e-33
 3.916e-33 4.024e-33 4.050e-33 4.072e-33 4.084e-33 4.082e-33 4.065e-33 4.032e-33
 3.981e-33 3.896e-33 3.794e-33 3.682e-33 3.563e-33 3.438e-33 3.307e-33 3.174e-33
 3.051e-33 2.917e-33 2.787e-33 2.661e-33 2.540e-33 2.422e-33 2.313e-33 2.220e-33
 2.116e-33 2.017e-33 1.928e-33 1.846e-33 1.769e-33 1.701e-33 1.640e-33 1.577e-33
 1.515e-33 1.457e-33 1.407e-33 1.363e-33 1.326e-33 1.292e-33 1.259e-33 1.227e-33
