Radiated power Lz per atom during dwell time tau at ne=1E20m**-3 and Te[1-10000eV]
P[W/m**3] = Lz * n_imp[m**-3] * ne[m**-3]
ne=1E20m**-3
     200           5 # of Te values, dwell times
Te[eV]
 1.000e+00 1.047e+00 1.097e+00 1.149e+00 1.203e+00 1.260e+00 1.320e+00 1.383e+00
 1.448e+00 1.517e+00 1.589e+00 1.664e+00 1.743e+00 1.825e+00 1.912e+00 2.002e+00
 2.097e+00 2.196e+00 2.300e+00 2.409e+00 2.524e+00 2.643e+00 2.768e+00 2.899e+00
 3.037e+00 3.181e+00 3.331e+00 3.489e+00 3.654e+00 3.827e+00 4.009e+00 4.199e+00
 4.398e+00 4.606e+00 4.824e+00 5.053e+00 5.292e+00 5.543e+00 5.805e+00 6.080e+00
 6.368e+00 6.670e+00 6.986e+00 7.317e+00 7.663e+00 8.026e+00 8.407e+00 8.805e+00
 9.222e+00 9.659e+00 1.012e+01 1.060e+01 1.110e+01 1.162e+01 1.217e+01 1.275e+01
 1.335e+01 1.399e+01 1.465e+01 1.534e+01 1.607e+01 1.683e+01 1.763e+01 1.846e+01
 1.934e+01 2.026e+01 2.121e+01 2.222e+01 2.327e+01 2.437e+01 2.553e+01 2.674e+01
 2.801e+01 2.933e+01 3.072e+01 3.218e+01 3.370e+01 3.530e+01 3.697e+01 3.872e+01
 4.055e+01 4.248e+01 4.449e+01 4.660e+01 4.880e+01 5.111e+01 5.354e+01 5.607e+01
 5.873e+01 6.151e+01 6.442e+01 6.748e+01 7.067e+01 7.402e+01 7.753e+01 8.120e+01
 8.504e+01 8.907e+01 9.329e+01 9.771e+01 1.023e+02 1.072e+02 1.123e+02 1.176e+02
 1.232e+02 1.290e+02 1.351e+02 1.415e+02 1.482e+02 1.552e+02 1.626e+02 1.703e+02
 1.783e+02 1.868e+02 1.956e+02 2.049e+02 2.146e+02 2.248e+02 2.354e+02 2.466e+02
 2.583e+02 2.705e+02 2.833e+02 2.967e+02 3.108e+02 3.255e+02 3.409e+02 3.571e+02
 3.740e+02 3.917e+02 4.103e+02 4.297e+02 4.501e+02 4.714e+02 4.937e+02 5.171e+02
 5.416e+02 5.672e+02 5.941e+02 6.223e+02 6.517e+02 6.826e+02 7.149e+02 7.488e+02
 7.843e+02 8.214e+02 8.603e+02 9.011e+02 9.438e+02 9.885e+02 1.035e+03 1.084e+03
 1.136e+03 1.190e+03 1.246e+03 1.305e+03 1.367e+03 1.431e+03 1.499e+03 1.570e+03
 1.645e+03 1.723e+03 1.804e+03 1.890e+03 1.979e+03 2.073e+03 2.171e+03 2.274e+03
 2.382e+03 2.495e+03 2.613e+03 2.736e+03 2.866e+03 3.002e+03 3.144e+03 3.293e+03
 3.449e+03 3.612e+03 3.783e+03 3.963e+03 4.150e+03 4.347e+03 4.553e+03 4.769e+03
 4.995e+03 5.231e+03 5.479e+03 5.738e+03 6.010e+03 6.295e+03 6.593e+03 6.906e+03
 7.233e+03 7.575e+03 7.934e+03 8.310e+03 8.704e+03 9.116e+03 9.548e+03 1.000e+04
Lz[Wm**3] for tau[ms]=    0.1
 4.762e-35 6.257e-35 8.196e-35 1.071e-34 1.396e-34 1.812e-34 2.344e-34 3.022e-34
 3.888e-34 4.922e-34 5.893e-34 7.089e-34 8.587e-34 1.049e-33 1.291e-33 1.599e-33
 1.876e-33 2.205e-33 2.596e-33 3.062e-33 3.615e-33 4.272e-33 5.055e-33 5.990e-33
 7.016e-33 7.899e-33 8.897e-33 1.002e-32 1.130e-32 1.274e-32 1.437e-32 1.621e-32
 1.829e-32 2.063e-32 2.328e-32 2.604e-32 2.823e-32 3.059e-32 3.314e-32 3.591e-32
 3.890e-32 4.217e-32 4.572e-32 4.860e-32 5.159e-32 5.474e-32 5.803e-32 6.144e-32
 6.491e-32 6.837e-32 7.151e-32 7.381e-32 7.593e-32 7.781e-32 7.937e-32 8.054e-32
 8.124e-32 8.136e-32 8.081e-32 7.972e-32 7.833e-32 7.646e-32 7.407e-32 7.116e-32
 6.772e-32 6.410e-32 6.099e-32 5.770e-32 5.425e-32 5.069e-32 4.709e-32 4.349e-32
 3.996e-32 3.654e-32 3.384e-32 3.181e-32 2.987e-32 2.802e-32 2.627e-32 2.461e-32
 2.306e-32 2.161e-32 2.025e-32 1.899e-32 1.782e-32 1.689e-32 1.618e-32 1.552e-32
 1.490e-32 1.433e-32 1.380e-32 1.332e-32 1.290e-32 1.258e-32 1.230e-32 1.204e-32
 1.183e-32 1.165e-32 1.151e-32 1.142e-32 1.136e-32 1.131e-32 1.128e-32 1.128e-32
 1.131e-32 1.137e-32 1.146e-32 1.158e-32 1.173e-32 1.184e-32 1.194e-32 1.205e-32
 1.218e-32 1.233e-32 1.249e-32 1.261e-32 1.269e-32 1.278e-32 1.288e-32 1.298e-32
 1.310e-32 1.322e-32 1.335e-32 1.349e-32 1.356e-32 1.362e-32 1.367e-32 1.374e-32
 1.380e-32 1.387e-32 1.394e-32 1.402e-32 1.410e-32 1.418e-32 1.427e-32 1.430e-32
 1.431e-32 1.432e-32 1.433e-32 1.434e-32 1.434e-32 1.435e-32 1.434e-32 1.432e-32
 1.429e-32 1.426e-32 1.423e-32 1.420e-32 1.417e-32 1.414e-32 1.408e-32 1.402e-32
 1.396e-32 1.390e-32 1.383e-32 1.377e-32 1.371e-32 1.364e-32 1.358e-32 1.351e-32
 1.344e-32 1.337e-32 1.330e-32 1.324e-32 1.317e-32 1.309e-32 1.302e-32 1.294e-32
 1.287e-32 1.279e-32 1.272e-32 1.264e-32 1.257e-32 1.249e-32 1.242e-32 1.234e-32
 1.227e-32 1.219e-32 1.212e-32 1.205e-32 1.197e-32 1.190e-32 1.183e-32 1.176e-32
 1.168e-32 1.160e-32 1.152e-32 1.144e-32 1.135e-32 1.127e-32 1.119e-32 1.111e-32
 1.104e-32 1.096e-32 1.089e-32 1.082e-32 1.075e-32 1.068e-32 1.061e-32 1.054e-32
Lz[Wm**3] for tau[ms]=    1.0
 4.350e-35 5.529e-35 6.955e-35 8.683e-35 1.082e-34 1.357e-34 1.732e-34 2.262e-34
 3.020e-34 4.013e-34 4.996e-34 6.245e-34 7.829e-34 9.833e-34 1.237e-33 1.555e-33
 1.837e-33 2.171e-33 2.566e-33 3.034e-33 3.592e-33 4.263e-33 5.079e-33 6.089e-33
 7.224e-33 8.156e-33 9.204e-33 1.038e-32 1.170e-32 1.319e-32 1.486e-32 1.676e-32
 1.892e-32 2.140e-32 2.428e-32 2.740e-32 2.991e-32 3.272e-32 3.585e-32 3.934e-32
 4.316e-32 4.724e-32 5.145e-32 5.445e-32 5.719e-32 5.959e-32 6.154e-32 6.286e-32
 6.339e-32 6.289e-32 6.129e-32 5.922e-32 5.637e-32 5.271e-32 4.831e-32 4.329e-32
 3.788e-32 3.239e-32 2.713e-32 2.297e-32 1.988e-32 1.713e-32 1.473e-32 1.266e-32
 1.087e-32 9.438e-33 8.454e-33 7.573e-33 6.786e-33 6.083e-33 5.455e-33 4.895e-33
 4.394e-33 3.947e-33 3.616e-33 3.379e-33 3.159e-33 2.955e-33 2.766e-33 2.593e-33
 2.434e-33 2.290e-33 2.161e-33 2.049e-33 1.955e-33 1.891e-33 1.853e-33 1.826e-33
 1.813e-33 1.817e-33 1.839e-33 1.882e-33 1.945e-33 2.002e-33 2.074e-33 2.161e-33
 2.264e-33 2.385e-33 2.524e-33 2.680e-33 2.817e-33 2.926e-33 3.039e-33 3.158e-33
 3.282e-33 3.409e-33 3.540e-33 3.673e-33 3.807e-33 3.895e-33 3.962e-33 4.025e-33
 4.081e-33 4.129e-33 4.164e-33 4.174e-33 4.162e-33 4.141e-33 4.109e-33 4.066e-33
 4.013e-33 3.947e-33 3.871e-33 3.785e-33 3.709e-33 3.637e-33 3.562e-33 3.485e-33
 3.406e-33 3.327e-33 3.247e-33 3.166e-33 3.086e-33 3.007e-33 2.928e-33 2.862e-33
 2.801e-33 2.741e-33 2.683e-33 2.625e-33 2.569e-33 2.514e-33 2.465e-33 2.424e-33
 2.383e-33 2.343e-33 2.304e-33 2.265e-33 2.227e-33 2.190e-33 2.158e-33 2.129e-33
 2.099e-33 2.071e-33 2.042e-33 2.014e-33 1.987e-33 1.960e-33 1.933e-33 1.913e-33
 1.893e-33 1.873e-33 1.854e-33 1.834e-33 1.815e-33 1.798e-33 1.780e-33 1.763e-33
 1.746e-33 1.729e-33 1.713e-33 1.696e-33 1.680e-33 1.664e-33 1.651e-33 1.637e-33
 1.624e-33 1.611e-33 1.598e-33 1.585e-33 1.572e-33 1.560e-33 1.547e-33 1.535e-33
 1.523e-33 1.511e-33 1.499e-33 1.487e-33 1.475e-33 1.464e-33 1.452e-33 1.441e-33
 1.431e-33 1.422e-33 1.413e-33 1.404e-33 1.395e-33 1.386e-33 1.377e-33 1.369e-33
Lz[Wm**3] for tau[ms]=   10.0
 3.328e-35 4.075e-35 5.060e-35 6.429e-35 8.373e-35 1.115e-34 1.509e-34 2.069e-34
 2.858e-34 3.877e-34 4.877e-34 6.139e-34 7.728e-34 9.726e-34 1.224e-33 1.538e-33
 1.813e-33 2.138e-33 2.523e-33 2.984e-33 3.547e-33 4.241e-33 5.107e-33 6.187e-33
 7.380e-33 8.310e-33 9.356e-33 1.053e-32 1.187e-32 1.339e-32 1.515e-32 1.720e-32
 1.963e-32 2.257e-32 2.618e-32 3.022e-32 3.349e-32 3.704e-32 4.075e-32 4.447e-32
 4.795e-32 5.095e-32 5.312e-32 5.383e-32 5.362e-32 5.230e-32 4.967e-32 4.567e-32
 4.043e-32 3.434e-32 2.843e-32 2.406e-32 2.003e-32 1.644e-32 1.335e-32 1.074e-32
 8.589e-33 6.831e-33 5.414e-33 4.407e-33 3.699e-33 3.104e-33 2.605e-33 2.186e-33
 1.836e-33 1.562e-33 1.375e-33 1.212e-33 1.069e-33 9.429e-34 8.326e-34 7.358e-34
 6.511e-34 5.770e-34 5.250e-34 4.899e-34 4.581e-34 4.296e-34 4.046e-34 3.834e-34
 3.665e-34 3.547e-34 3.491e-34 3.514e-34 3.637e-34 3.845e-34 4.089e-34 4.403e-34
 4.794e-34 5.270e-34 5.830e-34 6.471e-34 7.138e-34 7.655e-34 8.194e-34 8.749e-34
 9.320e-34 9.903e-34 1.049e-33 1.107e-33 1.150e-33 1.176e-33 1.196e-33 1.208e-33
 1.210e-33 1.201e-33 1.180e-33 1.148e-33 1.106e-33 1.061e-33 1.015e-33 9.683e-34
 9.213e-34 8.751e-34 8.300e-34 7.898e-34 7.545e-34 7.206e-34 6.882e-34 6.573e-34
 6.278e-34 5.997e-34 5.729e-34 5.475e-34 5.280e-34 5.107e-34 4.942e-34 4.784e-34
 4.632e-34 4.486e-34 4.347e-34 4.212e-34 4.084e-34 3.960e-34 3.841e-34 3.742e-34
 3.652e-34 3.565e-34 3.481e-34 3.400e-34 3.322e-34 3.246e-34 3.179e-34 3.122e-34
 3.067e-34 3.014e-34 2.962e-34 2.912e-34 2.863e-34 2.816e-34 2.776e-34 2.740e-34
 2.705e-34 2.670e-34 2.637e-34 2.604e-34 2.573e-34 2.542e-34 2.512e-34 2.490e-34
 2.469e-34 2.449e-34 2.429e-34 2.410e-34 2.391e-34 2.374e-34 2.359e-34 2.344e-34
 2.330e-34 2.316e-34 2.302e-34 2.289e-34 2.276e-34 2.264e-34 2.255e-34 2.247e-34
 2.239e-34 2.232e-34 2.224e-34 2.217e-34 2.211e-34 2.205e-34 2.199e-34 2.193e-34
 2.188e-34 2.184e-34 2.180e-34 2.177e-34 2.174e-34 2.171e-34 2.169e-34 2.167e-34
 2.167e-34 2.168e-34 2.170e-34 2.171e-34 2.173e-34 2.176e-34 2.178e-34 2.181e-34
Lz[Wm**3] for tau[ms]=  100.0
 3.087e-35 3.793e-35 4.759e-35 6.129e-35 8.089e-35 1.089e-34 1.487e-34 2.049e-34
 2.842e-34 3.863e-34 4.864e-34 6.126e-34 7.714e-34 9.707e-34 1.221e-33 1.533e-33
 1.806e-33 2.128e-33 2.510e-33 2.971e-33 3.536e-33 4.237e-33 5.112e-33 6.200e-33
 7.399e-33 8.328e-33 9.374e-33 1.056e-32 1.190e-32 1.343e-32 1.521e-32 1.730e-32
 1.982e-32 2.288e-32 2.667e-32 3.092e-32 3.431e-32 3.792e-32 4.161e-32 4.517e-32
 4.833e-32 5.077e-32 5.208e-32 5.186e-32 5.048e-32 4.777e-32 4.371e-32 3.848e-32
 3.250e-32 2.635e-32 2.092e-32 1.714e-32 1.383e-32 1.103e-32 8.712e-33 6.828e-33
 5.319e-33 4.126e-33 3.189e-33 2.535e-33 2.079e-33 1.704e-33 1.396e-33 1.143e-33
 9.365e-34 7.779e-34 6.714e-34 5.796e-34 5.006e-34 4.326e-34 3.742e-34 3.240e-34
 2.810e-34 2.445e-34 2.205e-34 2.058e-34 1.931e-34 1.825e-34 1.741e-34 1.685e-34
 1.662e-34 1.679e-34 1.747e-34 1.880e-34 2.096e-34 2.362e-34 2.634e-34 2.952e-34
 3.314e-34 3.718e-34 4.157e-34 4.623e-34 5.081e-34 5.442e-34 5.808e-34 6.171e-34
 6.521e-34 6.841e-34 7.108e-34 7.296e-34 7.344e-34 7.276e-34 7.141e-34 6.942e-34
 6.688e-34 6.390e-34 6.059e-34 5.709e-34 5.351e-34 5.019e-34 4.707e-34 4.409e-34
 4.127e-34 3.860e-34 3.610e-34 3.391e-34 3.200e-34 3.022e-34 2.855e-34 2.699e-34
 2.554e-34 2.418e-34 2.292e-34 2.174e-34 2.079e-34 1.996e-34 1.917e-34 1.842e-34
 1.772e-34 1.706e-34 1.644e-34 1.585e-34 1.529e-34 1.477e-34 1.427e-34 1.384e-34
 1.346e-34 1.309e-34 1.274e-34 1.241e-34 1.210e-34 1.180e-34 1.154e-34 1.131e-34
 1.110e-34 1.089e-34 1.070e-34 1.051e-34 1.033e-34 1.017e-34 1.003e-34 9.909e-35
 9.794e-35 9.686e-35 9.584e-35 9.488e-35 9.396e-35 9.310e-35 9.229e-35 9.179e-35
 9.134e-35 9.093e-35 9.055e-35 9.020e-35 8.989e-35 8.973e-35 8.965e-35 8.960e-35
 8.957e-35 8.957e-35 8.960e-35 8.965e-35 8.972e-35 8.982e-35 9.012e-35 9.044e-35
 9.079e-35 9.115e-35 9.154e-35 9.195e-35 9.238e-35 9.283e-35 9.330e-35 9.379e-35
 9.430e-35 9.498e-35 9.570e-35 9.643e-35 9.719e-35 9.796e-35 9.876e-35 9.957e-35
 1.005e-34 1.014e-34 1.024e-34 1.034e-34 1.044e-34 1.055e-34 1.066e-34 1.077e-34
Lz[Wm**3] for tau[ms]= 1000.0
 3.063e-35 3.765e-35 4.729e-35 6.099e-35 8.060e-35 1.086e-34 1.484e-34 2.047e-34
 2.840e-34 3.862e-34 4.863e-34 6.125e-34 7.713e-34 9.705e-34 1.220e-33 1.532e-33
 1.805e-33 2.127e-33 2.509e-33 2.970e-33 3.535e-33 4.237e-33 5.112e-33 6.202e-33
 7.401e-33 8.330e-33 9.376e-33 1.056e-32 1.190e-32 1.344e-32 1.522e-32 1.732e-32
 1.983e-32 2.292e-32 2.672e-32 3.099e-32 3.439e-32 3.801e-32 4.170e-32 4.524e-32
 4.836e-32 5.075e-32 5.197e-32 5.165e-32 5.014e-32 4.730e-32 4.309e-32 3.774e-32
 3.169e-32 2.554e-32 2.016e-32 1.644e-32 1.321e-32 1.049e-32 8.245e-33 6.433e-33
 4.991e-33 3.854e-33 2.966e-33 2.347e-33 1.917e-33 1.565e-33 1.277e-33 1.042e-33
 8.507e-34 7.048e-34 6.071e-34 5.235e-34 4.518e-34 3.904e-34 3.379e-34 2.930e-34
 2.549e-34 2.226e-34 2.018e-34 1.894e-34 1.787e-34 1.699e-34 1.633e-34 1.592e-34
 1.582e-34 1.610e-34 1.688e-34 1.828e-34 2.047e-34 2.313e-34 2.582e-34 2.894e-34
 3.246e-34 3.635e-34 4.053e-34 4.494e-34 4.925e-34 5.266e-34 5.609e-34 5.947e-34
 6.266e-34 6.550e-34 6.774e-34 6.914e-34 6.918e-34 6.815e-34 6.648e-34 6.422e-34
 6.147e-34 5.835e-34 5.500e-34 5.151e-34 4.802e-34 4.482e-34 4.185e-34 3.903e-34
 3.639e-34 3.391e-34 3.160e-34 2.958e-34 2.782e-34 2.619e-34 2.467e-34 2.326e-34
 2.195e-34 2.073e-34 1.960e-34 1.854e-34 1.770e-34 1.694e-34 1.623e-34 1.557e-34
 1.494e-34 1.436e-34 1.380e-34 1.328e-34 1.279e-34 1.233e-34 1.189e-34 1.152e-34
 1.118e-34 1.086e-34 1.056e-34 1.028e-34 1.001e-34 9.757e-35 9.531e-35 9.336e-35
 9.152e-35 8.978e-35 8.813e-35 8.658e-35 8.512e-35 8.374e-35 8.262e-35 8.164e-35
 8.072e-35 7.987e-35 7.907e-35 7.833e-35 7.763e-35 7.699e-35 7.638e-35 7.605e-35
 7.575e-35 7.549e-35 7.526e-35 7.506e-35 7.489e-35 7.488e-35 7.493e-35 7.501e-35
 7.512e-35 7.526e-35 7.541e-35 7.559e-35 7.580e-35 7.602e-35 7.643e-35 7.686e-35
 7.731e-35 7.778e-35 7.827e-35 7.878e-35 7.932e-35 7.986e-35 8.043e-35 8.102e-35
 8.162e-35 8.240e-35 8.321e-35 8.404e-35 8.488e-35 8.575e-35 8.663e-35 8.754e-35
 8.852e-35 8.954e-35 9.060e-35 9.167e-35 9.277e-35 9.389e-35 9.503e-35 9.620e-35
