Radiated power Lz per atom during dwell time tau at ne=1E20m**-3 and Te[1-10000eV]
P[W/m**3] = Lz * n_imp[m**-3] * ne[m**-3]
ne=1E20m**-3
     200           5 # of Te values, dwell times
Te[eV]
 1.000e+00 1.047e+00 1.097e+00 1.149e+00 1.203e+00 1.260e+00 1.320e+00 1.383e+00
 1.448e+00 1.517e+00 1.589e+00 1.664e+00 1.743e+00 1.825e+00 1.912e+00 2.002e+00
 2.097e+00 2.196e+00 2.300e+00 2.409e+00 2.524e+00 2.643e+00 2.768e+00 2.899e+00
 3.037e+00 3.181e+00 3.331e+00 3.489e+00 3.654e+00 3.827e+00 4.009e+00 4.199e+00
 4.398e+00 4.606e+00 4.824e+00 5.053e+00 5.292e+00 5.543e+00 5.805e+00 6.080e+00
 6.368e+00 6.670e+00 6.986e+00 7.317e+00 7.663e+00 8.026e+00 8.407e+00 8.805e+00
 9.222e+00 9.659e+00 1.012e+01 1.060e+01 1.110e+01 1.162e+01 1.217e+01 1.275e+01
 1.335e+01 1.399e+01 1.465e+01 1.534e+01 1.607e+01 1.683e+01 1.763e+01 1.846e+01
 1.934e+01 2.026e+01 2.121e+01 2.222e+01 2.327e+01 2.437e+01 2.553e+01 2.674e+01
 2.801e+01 2.933e+01 3.072e+01 3.218e+01 3.370e+01 3.530e+01 3.697e+01 3.872e+01
 4.055e+01 4.248e+01 4.449e+01 4.660e+01 4.880e+01 5.111e+01 5.354e+01 5.607e+01
 5.873e+01 6.151e+01 6.442e+01 6.748e+01 7.067e+01 7.402e+01 7.753e+01 8.120e+01
 8.504e+01 8.907e+01 9.329e+01 9.771e+01 1.023e+02 1.072e+02 1.123e+02 1.176e+02
 1.232e+02 1.290e+02 1.351e+02 1.415e+02 1.482e+02 1.552e+02 1.626e+02 1.703e+02
 1.783e+02 1.868e+02 1.956e+02 2.049e+02 2.146e+02 2.248e+02 2.354e+02 2.466e+02
 2.583e+02 2.705e+02 2.833e+02 2.967e+02 3.108e+02 3.255e+02 3.409e+02 3.571e+02
 3.740e+02 3.917e+02 4.103e+02 4.297e+02 4.501e+02 4.714e+02 4.937e+02 5.171e+02
 5.416e+02 5.672e+02 5.941e+02 6.223e+02 6.517e+02 6.826e+02 7.149e+02 7.488e+02
 7.843e+02 8.214e+02 8.603e+02 9.011e+02 9.438e+02 9.885e+02 1.035e+03 1.084e+03
 1.136e+03 1.190e+03 1.246e+03 1.305e+03 1.367e+03 1.431e+03 1.499e+03 1.570e+03
 1.645e+03 1.723e+03 1.804e+03 1.890e+03 1.979e+03 2.073e+03 2.171e+03 2.274e+03
 2.382e+03 2.495e+03 2.613e+03 2.736e+03 2.866e+03 3.002e+03 3.144e+03 3.293e+03
 3.449e+03 3.612e+03 3.783e+03 3.963e+03 4.150e+03 4.347e+03 4.553e+03 4.769e+03
 4.995e+03 5.231e+03 5.479e+03 5.738e+03 6.010e+03 6.295e+03 6.593e+03 6.906e+03
 7.233e+03 7.575e+03 7.934e+03 8.310e+03 8.704e+03 9.116e+03 9.548e+03 1.000e+04
Lz[Wm**3] for tau[ms]=    0.1
 9.806e-40 1.870e-39 3.557e-39 6.764e-39 1.287e-38 2.447e-38 4.654e-38 8.851e-38
 1.683e-37 3.061e-37 4.793e-37 7.504e-37 1.174e-36 1.836e-36 2.866e-36 4.459e-36
 6.110e-36 8.355e-36 1.139e-35 1.546e-35 2.088e-35 2.799e-35 3.719e-35 4.889e-35
 6.208e-35 7.307e-35 8.573e-35 1.005e-34 1.181e-34 1.399e-34 1.678e-34 2.053e-34
 2.572e-34 3.306e-34 4.357e-34 5.733e-34 7.019e-34 8.652e-34 1.072e-33 1.335e-33
 1.667e-33 2.085e-33 2.607e-33 3.074e-33 3.612e-33 4.239e-33 4.966e-33 5.806e-33
 6.771e-33 7.876e-33 9.049e-33 1.007e-32 1.119e-32 1.242e-32 1.377e-32 1.523e-32
 1.680e-32 1.849e-32 2.029e-32 2.197e-32 2.349e-32 2.510e-32 2.682e-32 2.867e-32
 3.066e-32 3.268e-32 3.446e-32 3.637e-32 3.842e-32 4.060e-32 4.289e-32 4.528e-32
 4.774e-32 5.023e-32 5.233e-32 5.403e-32 5.574e-32 5.744e-32 5.912e-32 6.079e-32
 6.243e-32 6.405e-32 6.565e-32 6.721e-32 6.873e-32 7.003e-32 7.114e-32 7.223e-32
 7.328e-32 7.427e-32 7.518e-32 7.598e-32 7.667e-32 7.736e-32 7.799e-32 7.856e-32
 7.904e-32 7.940e-32 7.964e-32 7.971e-32 7.962e-32 7.941e-32 7.909e-32 7.865e-32
 7.808e-32 7.737e-32 7.651e-32 7.550e-32 7.433e-32 7.306e-32 7.171e-32 7.028e-32
 6.877e-32 6.719e-32 6.554e-32 6.397e-32 6.250e-32 6.101e-32 5.951e-32 5.800e-32
 5.648e-32 5.497e-32 5.347e-32 5.199e-32 5.083e-32 4.980e-32 4.878e-32 4.779e-32
 4.683e-32 4.589e-32 4.498e-32 4.411e-32 4.328e-32 4.249e-32 4.174e-32 4.092e-32
 4.009e-32 3.931e-32 3.856e-32 3.786e-32 3.720e-32 3.659e-32 3.630e-32 3.640e-32
 3.653e-32 3.668e-32 3.687e-32 3.709e-32 3.734e-32 3.762e-32 3.754e-32 3.732e-32
 3.711e-32 3.691e-32 3.672e-32 3.654e-32 3.637e-32 3.620e-32 3.605e-32 3.044e-32
 2.810e-32 2.714e-32 2.672e-32 2.653e-32 2.643e-32 2.638e-32 2.634e-32 2.633e-32
 2.635e-32 2.642e-32 2.658e-32 2.689e-32 2.744e-32 2.840e-32 2.881e-32 2.935e-32
 3.003e-32 3.089e-32 3.196e-32 3.329e-32 3.489e-32 3.678e-32 3.894e-32 4.132e-32
 4.383e-32 4.360e-32 4.326e-32 4.293e-32 4.260e-32 4.228e-32 4.195e-32 4.163e-32
 4.131e-32 4.101e-32 4.070e-32 4.039e-32 4.009e-32 3.978e-32 3.948e-32 3.918e-32
Lz[Wm**3] for tau[ms]=    1.0
 1.026e-39 1.952e-39 3.705e-39 7.034e-39 1.335e-38 2.534e-38 4.810e-38 9.124e-38
 1.729e-37 3.128e-37 4.868e-37 7.552e-37 1.166e-36 1.786e-36 2.700e-36 4.001e-36
 5.220e-36 6.685e-36 8.367e-36 1.020e-35 1.213e-35 1.417e-35 1.660e-35 2.011e-35
 2.530e-35 3.090e-35 3.896e-35 5.058e-35 6.742e-35 9.194e-35 1.278e-34 1.803e-34
 2.571e-34 3.684e-34 5.269e-34 7.285e-34 9.115e-34 1.133e-33 1.400e-33 1.720e-33
 2.103e-33 2.562e-33 3.113e-33 3.603e-33 4.156e-33 4.789e-33 5.513e-33 6.337e-33
 7.269e-33 8.313e-33 9.396e-33 1.033e-32 1.134e-32 1.244e-32 1.364e-32 1.497e-32
 1.648e-32 1.820e-32 2.018e-32 2.217e-32 2.406e-32 2.608e-32 2.823e-32 3.045e-32
 3.271e-32 3.483e-32 3.656e-32 3.826e-32 3.993e-32 4.154e-32 4.311e-32 4.463e-32
 4.611e-32 4.756e-32 4.884e-32 4.998e-32 5.111e-32 5.219e-32 5.322e-32 5.415e-32
 5.494e-32 5.554e-32 5.589e-32 5.589e-32 5.543e-32 5.468e-32 5.383e-32 5.262e-32
 5.099e-32 4.893e-32 4.644e-32 4.353e-32 4.050e-32 3.823e-32 3.583e-32 3.335e-32
 3.082e-32 2.831e-32 2.586e-32 2.351e-32 2.162e-32 2.015e-32 1.876e-32 1.746e-32
 1.625e-32 1.513e-32 1.409e-32 1.313e-32 1.225e-32 1.157e-32 1.099e-32 1.045e-32
 9.948e-33 9.490e-33 9.075e-33 8.741e-33 8.473e-33 8.232e-33 8.020e-33 7.837e-33
 7.688e-33 7.572e-33 7.493e-33 7.455e-33 7.436e-33 7.430e-33 7.444e-33 7.477e-33
 7.531e-33 7.605e-33 7.699e-33 7.814e-33 7.950e-33 8.104e-33 8.276e-33 8.367e-33
 8.426e-33 8.490e-33 8.557e-33 8.625e-33 8.692e-33 8.756e-33 8.820e-33 8.889e-33
 8.954e-33 9.014e-33 9.068e-33 9.117e-33 9.158e-33 9.192e-33 9.164e-33 9.113e-33
 9.058e-33 8.998e-33 8.933e-33 8.864e-33 8.790e-33 8.711e-33 8.629e-33 7.943e-33
 7.623e-33 7.455e-33 7.347e-33 7.261e-33 7.184e-33 7.126e-33 7.074e-33 7.023e-33
 6.977e-33 6.937e-33 6.907e-33 6.895e-33 6.912e-33 6.977e-33 6.995e-33 7.029e-33
 7.082e-33 7.157e-33 7.261e-33 7.399e-33 7.578e-33 7.808e-33 8.101e-33 8.469e-33
 8.930e-33 8.904e-33 8.859e-33 8.814e-33 8.770e-33 8.726e-33 8.683e-33 8.639e-33
 8.604e-33 8.571e-33 8.540e-33 8.508e-33 8.476e-33 8.445e-33 8.414e-33 8.384e-33
Lz[Wm**3] for tau[ms]=   10.0
 1.366e-39 2.586e-39 4.882e-39 9.208e-39 1.735e-38 3.266e-38 6.130e-38 1.145e-37
 2.118e-37 3.691e-37 5.481e-37 7.932e-37 1.105e-36 1.460e-36 1.802e-36 2.079e-36
 2.255e-36 2.447e-36 2.723e-36 3.182e-36 3.982e-36 5.393e-36 7.919e-36 1.252e-35
 2.007e-35 2.868e-35 4.152e-35 6.053e-35 8.825e-35 1.276e-34 1.820e-34 2.551e-34
 3.519e-34 4.791e-34 6.464e-34 8.485e-34 1.028e-33 1.245e-33 1.506e-33 1.821e-33
 2.203e-33 2.666e-33 3.228e-33 3.731e-33 4.296e-33 4.938e-33 5.659e-33 6.462e-33
 7.356e-33 8.359e-33 9.433e-33 1.040e-32 1.150e-32 1.275e-32 1.417e-32 1.580e-32
 1.765e-32 1.969e-32 2.192e-32 2.401e-32 2.586e-32 2.774e-32 2.963e-32 3.151e-32
 3.336e-32 3.506e-32 3.644e-32 3.781e-32 3.915e-32 4.048e-32 4.178e-32 4.305e-32
 4.426e-32 4.537e-32 4.627e-32 4.695e-32 4.742e-32 4.757e-32 4.726e-32 4.635e-32
 4.467e-32 4.211e-32 3.864e-32 3.437e-32 2.958e-32 2.542e-32 2.221e-32 1.918e-32
 1.640e-32 1.393e-32 1.177e-32 9.898e-33 8.388e-33 7.408e-33 6.541e-33 5.775e-33
 5.100e-33 4.507e-33 3.985e-33 3.528e-33 3.193e-33 2.954e-33 2.737e-33 2.538e-33
 2.358e-33 2.196e-33 2.051e-33 1.923e-33 1.813e-33 1.747e-33 1.701e-33 1.667e-33
 1.645e-33 1.638e-33 1.647e-33 1.671e-33 1.703e-33 1.747e-33 1.803e-33 1.872e-33
 1.954e-33 2.049e-33 2.156e-33 2.273e-33 2.355e-33 2.423e-33 2.490e-33 2.553e-33
 2.610e-33 2.656e-33 2.689e-33 2.704e-33 2.699e-33 2.671e-33 2.621e-33 2.553e-33
 2.479e-33 2.400e-33 2.317e-33 2.231e-33 2.145e-33 2.060e-33 1.985e-33 1.923e-33
 1.864e-33 1.808e-33 1.754e-33 1.702e-33 1.653e-33 1.606e-33 1.564e-33 1.524e-33
 1.486e-33 1.450e-33 1.415e-33 1.381e-33 1.348e-33 1.317e-33 1.286e-33 1.201e-33
 1.153e-33 1.122e-33 1.097e-33 1.076e-33 1.057e-33 1.042e-33 1.029e-33 1.016e-33
 1.004e-33 9.937e-34 9.845e-34 9.774e-34 9.736e-34 9.749e-34 9.737e-34 9.743e-34
 9.770e-34 9.822e-34 9.903e-34 1.002e-33 1.018e-33 1.039e-33 1.067e-33 1.103e-33
 1.148e-33 1.145e-33 1.140e-33 1.136e-33 1.131e-33 1.127e-33 1.123e-33 1.119e-33
 1.116e-33 1.115e-33 1.113e-33 1.111e-33 1.110e-33 1.108e-33 1.107e-33 1.105e-33
Lz[Wm**3] for tau[ms]=  100.0
 1.976e-39 3.838e-39 7.428e-39 1.435e-38 2.764e-38 5.294e-38 1.003e-37 1.858e-37
 3.307e-37 5.296e-37 7.042e-37 8.736e-37 1.008e-36 1.096e-36 1.148e-36 1.204e-36
 1.290e-36 1.444e-36 1.726e-36 2.238e-36 3.165e-36 4.860e-36 8.021e-36 1.402e-35
 2.406e-35 3.535e-35 5.159e-35 7.436e-35 1.055e-34 1.472e-34 2.023e-34 2.750e-34
 3.704e-34 4.960e-34 6.616e-34 8.624e-34 1.042e-33 1.258e-33 1.520e-33 1.838e-33
 2.225e-33 2.697e-33 3.270e-33 3.780e-33 4.350e-33 4.990e-33 5.703e-33 6.496e-33
 7.380e-33 8.383e-33 9.469e-33 1.046e-32 1.158e-32 1.287e-32 1.434e-32 1.601e-32
 1.789e-32 1.995e-32 2.218e-32 2.425e-32 2.608e-32 2.792e-32 2.977e-32 3.160e-32
 3.340e-32 3.504e-32 3.640e-32 3.773e-32 3.904e-32 4.033e-32 4.159e-32 4.282e-32
 4.396e-32 4.495e-32 4.565e-32 4.605e-32 4.607e-32 4.552e-32 4.419e-32 4.192e-32
 3.864e-32 3.444e-32 2.965e-32 2.466e-32 1.989e-32 1.622e-32 1.360e-32 1.131e-32
 9.342e-33 7.675e-33 6.281e-33 5.125e-33 4.220e-33 3.636e-33 3.132e-33 2.698e-33
 2.325e-33 2.005e-33 1.730e-33 1.496e-33 1.333e-33 1.227e-33 1.131e-33 1.046e-33
 9.702e-34 9.043e-34 8.484e-34 8.032e-34 7.698e-34 7.638e-34 7.707e-34 7.854e-34
 8.091e-34 8.435e-34 8.902e-34 9.435e-34 9.989e-34 1.062e-33 1.133e-33 1.210e-33
 1.294e-33 1.382e-33 1.470e-33 1.553e-33 1.599e-33 1.628e-33 1.645e-33 1.650e-33
 1.641e-33 1.616e-33 1.575e-33 1.522e-33 1.457e-33 1.383e-33 1.305e-33 1.234e-33
 1.169e-33 1.105e-33 1.045e-33 9.873e-34 9.330e-34 8.818e-34 8.371e-34 7.992e-34
 7.636e-34 7.303e-34 6.991e-34 6.699e-34 6.425e-34 6.168e-34 5.948e-34 5.749e-34
 5.561e-34 5.383e-34 5.214e-34 5.054e-34 4.902e-34 4.758e-34 4.620e-34 4.458e-34
 4.341e-34 4.238e-34 4.142e-34 4.052e-34 3.966e-34 3.896e-34 3.834e-34 3.775e-34
 3.718e-34 3.665e-34 3.614e-34 3.567e-34 3.523e-34 3.485e-34 3.462e-34 3.441e-34
 3.425e-34 3.413e-34 3.406e-34 3.405e-34 3.411e-34 3.423e-34 3.444e-34 3.472e-34
 3.511e-34 3.510e-34 3.508e-34 3.507e-34 3.507e-34 3.508e-34 3.510e-34 3.512e-34
 3.521e-34 3.534e-34 3.548e-34 3.563e-34 3.578e-34 3.595e-34 3.612e-34 3.629e-34
Lz[Wm**3] for tau[ms]= 1000.0
 2.086e-39 4.081e-39 7.962e-39 1.552e-38 3.018e-38 5.837e-38 1.115e-37 2.073e-37
 3.662e-37 5.738e-37 7.425e-37 8.900e-37 9.922e-37 1.046e-36 1.073e-36 1.113e-36
 1.192e-36 1.344e-36 1.628e-36 2.148e-36 3.094e-36 4.834e-36 8.095e-36 1.431e-35
 2.469e-35 3.631e-35 5.292e-35 7.603e-35 1.074e-34 1.492e-34 2.044e-34 2.770e-34
 3.723e-34 4.977e-34 6.631e-34 8.638e-34 1.043e-33 1.260e-33 1.522e-33 1.840e-33
 2.228e-33 2.700e-33 3.274e-33 3.785e-33 4.355e-33 4.995e-33 5.708e-33 6.499e-33
 7.382e-33 8.385e-33 9.473e-33 1.046e-32 1.159e-32 1.288e-32 1.435e-32 1.603e-32
 1.791e-32 1.998e-32 2.221e-32 2.428e-32 2.610e-32 2.794e-32 2.979e-32 3.161e-32
 3.340e-32 3.504e-32 3.639e-32 3.772e-32 3.902e-32 4.031e-32 4.157e-32 4.279e-32
 4.393e-32 4.491e-32 4.558e-32 4.596e-32 4.592e-32 4.528e-32 4.384e-32 4.141e-32
 3.795e-32 3.359e-32 2.867e-32 2.364e-32 1.890e-32 1.529e-32 1.273e-32 1.052e-32
 8.632e-33 7.047e-33 5.730e-33 4.646e-33 3.802e-33 3.258e-33 2.790e-33 2.390e-33
 2.047e-33 1.754e-33 1.505e-33 1.292e-33 1.148e-33 1.055e-33 9.715e-34 8.976e-34
 8.327e-34 7.768e-34 7.303e-34 6.938e-34 6.686e-34 6.691e-34 6.817e-34 7.017e-34
 7.305e-34 7.695e-34 8.203e-34 8.769e-34 9.349e-34 1.000e-33 1.072e-33 1.151e-33
 1.235e-33 1.321e-33 1.407e-33 1.485e-33 1.527e-33 1.550e-33 1.562e-33 1.560e-33
 1.543e-33 1.511e-33 1.464e-33 1.405e-33 1.335e-33 1.260e-33 1.181e-33 1.111e-33
 1.047e-33 9.860e-34 9.283e-34 8.739e-34 8.230e-34 7.753e-34 7.336e-34 6.980e-34
 6.648e-34 6.338e-34 6.048e-34 5.777e-34 5.524e-34 5.287e-34 5.087e-34 4.906e-34
 4.736e-34 4.575e-34 4.423e-34 4.280e-34 4.144e-34 4.016e-34 3.894e-34 3.795e-34
 3.701e-34 3.612e-34 3.527e-34 3.446e-34 3.369e-34 3.307e-34 3.250e-34 3.196e-34
 3.145e-34 3.097e-34 3.051e-34 3.007e-34 2.965e-34 2.926e-34 2.902e-34 2.881e-34
 2.861e-34 2.842e-34 2.825e-34 2.810e-34 2.796e-34 2.783e-34 2.771e-34 2.760e-34
 2.751e-34 2.751e-34 2.753e-34 2.756e-34 2.759e-34 2.763e-34 2.768e-34 2.774e-34
 2.786e-34 2.801e-34 2.818e-34 2.835e-34 2.852e-34 2.871e-34 2.890e-34 2.910e-34
