w13b4e17-00  0mm inside d.13b4e17 delta_phi 1.8 deg       
   41  73   5     .00     .00    1.00   4
       .00
     646.598        .000     1
     646.059      15.000     2
     644.405      29.935     3
     641.534      44.641     4
     637.332      58.853     5
     631.743      72.242     6
     624.831      84.448     7
     616.788      95.151     8
     607.887     104.161     9
     598.415     111.439    10
     588.624     116.998    11
     578.736     120.880    12
     568.959     123.197    13
     559.533     124.116    14
     550.743     123.734    15
     542.916     122.081    16
     536.356     119.310    17
     531.235     115.767    18
     527.509     111.773    19
     524.964     107.390    20
     523.373     102.529    21
     522.589      97.202    22
     522.475      91.518    23
     522.823      85.479    24
     523.515      78.997    25
     524.810      72.204    26
     527.272      65.573    27
     531.198      59.572    28
     536.095      54.212    29
     540.886      49.010    30
     544.771      43.424    31
     547.792      37.276    32
     550.504      30.718    33
     553.217      23.860    34
     555.669      16.539    35
     557.362       8.540    36
     557.957        .000    37
     557.362      -8.540    38
     555.669     -16.539    39
     553.217     -23.860    40
     550.504     -30.718    41
     547.792     -37.276    42
     544.771     -43.424    43
     540.886     -49.010    44
     536.095     -54.212    45
     531.198     -59.572    46
     527.272     -65.572    47
     524.810     -72.204    48
     523.515     -78.997    49
     522.823     -85.479    50
     522.475     -91.518    51
     522.589     -97.202    52
     523.373    -102.529    53
     524.964    -107.390    54
     527.509    -111.773    55
     531.235    -115.767    56
     536.356    -119.310    57
     542.916    -122.081    58
     550.743    -123.734    59
     559.533    -124.116    60
     568.959    -123.197    61
     578.736    -120.880    62
     588.624    -116.998    63
     598.415    -111.439    64
     607.887    -104.161    65
     616.788     -95.151    66
     624.831     -84.448    67
     631.743     -72.242    68
     637.332     -58.853    69
     641.534     -44.641    70
     644.405     -29.935    71
     646.059     -15.000    72
     646.598        .000    73
      1.80
     646.590      -7.287     1
     646.512       7.672     2
     645.559      22.578     3
     643.535      37.430     4
     640.174      52.046     5
     635.327      66.124     6
     628.871      79.312     7
     620.744      91.175     8
     611.235     101.265     9
     600.971     109.393    10
     590.479     115.748    11
     579.930     120.594    12
     569.392     123.904    13
     559.131     125.440    14
     549.517     125.133    15
     540.876     123.268    16
     533.538     120.325    17
     527.813     116.761    18
     523.701     112.906    19
     520.815     108.891    20
     518.728     104.637    21
     517.189      99.914    22
     515.992      94.468    23
     514.984      88.131    24
     514.476      80.979    25
     515.311      73.459    26
     518.101      66.233    27
     522.495      59.754    28
     527.466      53.997    29
     532.250      48.669    30
     536.738      43.576    31
     541.121      38.678    32
     545.452      33.828    33
     549.606      28.609    34
     553.384      22.479    35
     556.534      15.106    36
     558.737       6.624    37
     559.691      -2.397    38
     559.255     -11.293    39
     557.591     -19.687    40
     555.131     -27.516    41
     552.271     -34.781    42
     549.079     -41.410    43
     545.467     -47.434    44
     541.617     -53.096    45
     538.030     -58.699    46
     535.075     -64.395    47
     532.732     -70.187    48
     530.839     -76.034    49
     529.373     -81.888    50
     528.387     -87.718    51
     527.932     -93.538    52
     528.205     -99.310    53
     529.561    -104.796    54
     532.186    -109.670    55
     535.945    -113.829    56
     540.672    -117.405    57
     546.435    -120.382    58
     553.312    -122.403    59
     561.104    -123.110    60
     569.464    -122.515    61
     578.185    -120.818    62
     587.176    -117.973    63
     596.241    -113.625    64
     605.082    -107.444    65
     613.469     -99.366    66
     621.264     -89.529    67
     628.337     -78.147    68
     634.531     -65.463    69
     639.637     -51.733    70
     643.399     -37.238    71
     645.665     -22.313    72
     646.590      -7.287    73
      3.60
     646.649     -14.711     1
     646.495        .091     2
     645.310      14.599     3
     643.031      28.991     4
     639.687      43.412     5
     635.308      57.817     6
     629.733      71.935     7
     622.635      85.260     8
     613.845      97.071     9
     603.656     106.723    10
     592.735     114.099    11
     581.683     119.662    12
     570.739     123.842    13
     559.945     126.486    14
     549.501     127.101    15
     539.863     125.583    16
     531.534     122.477    17
     524.830     118.557    18
     519.822     114.366    19
     516.302     110.152    20
     513.800     105.921    21
     511.797     101.394    22
     510.131      96.124    23
     509.167      89.875    24
     509.479      82.880    25
     511.291      75.650    26
     514.241      68.588    27
     517.686      61.863    28
     521.186      55.535    29
     524.694      49.674    30
     528.393      44.344    31
     532.425      39.554    32
     536.810      35.156    33
     541.495      30.754    34
     546.337      25.734    35
     550.983      19.534    36
     554.919      11.971    37
     557.765       3.345    38
     559.468      -5.792    39
     560.130     -14.959    40
     559.683     -23.860    41
     557.929     -32.255    42
     554.936     -39.872    43
     551.236     -46.527    44
     547.535     -52.329    45
     544.279     -57.637    46
     541.558     -62.780    47
     539.291     -67.872    48
     537.344     -72.937    49
     535.556     -78.102    50
     533.930     -83.576    51
     532.863     -89.428    52
     533.011     -95.432    53
     534.770    -101.147    54
     537.920    -106.186    55
     541.889    -110.462    56
     546.328    -114.148    57
     551.335    -117.355    58
     557.137    -119.854    59
     563.720    -121.235    60
     570.841    -121.322    61
     578.298    -120.263    62
     586.042    -118.188    63
     594.060    -114.913    64
     602.274    -110.104    65
     610.595    -103.575    66
     618.917     -95.284    67
     626.954     -85.170    68
     634.128     -73.207    69
     639.787     -59.623    70
     643.613     -44.948    71
     645.769     -29.810    72
     646.649     -14.711    73
      5.40
     645.443     -22.388     1
     645.481      -7.945     2
     644.379       6.396     3
     642.079      20.693     4
     638.777      35.021     5
     634.716      49.551     6
     629.848      64.280     7
     623.766      78.730     8
     616.003      92.002     9
     606.460     103.197    10
     595.617     111.883    11
     584.261     118.287    12
     572.963     122.952    13
     561.845     126.115    14
     550.905     127.493    15
     540.440     126.775    16
     531.027     124.167    17
     523.146     120.313    18
     516.965     115.831    19
     512.436     111.114    20
     509.346     106.380    21
     507.288     101.601    22
     505.874      96.418    23
     505.139      90.466    24
     505.509      83.812    25
     507.174      76.901    26
     509.707      70.096    27
     512.503      63.534    28
     515.408      57.373    29
     518.651      51.869    30
     522.323      47.088    31
     526.269      42.747    32
     530.419      38.408    33
     534.888      33.712    34
     539.655      28.383    35
     544.434      22.208    36
     548.912      15.120    37
     552.890       7.229    38
     556.099      -1.243    39
     558.167     -10.022    40
     558.911     -18.828    41
     558.500     -27.467    42
     557.235     -35.818    43
     555.322     -43.654    44
     552.960     -50.601    45
     550.448     -56.432    46
     548.011     -61.334    47
     545.653     -65.751    48
     543.291     -70.068    49
     541.018     -74.589    50
     539.158     -79.610    51
     538.181     -85.218    52
     538.558     -91.062    53
     540.506     -96.612    54
     543.719    -101.663    55
     547.563    -106.351    56
     551.668    -110.707    57
     556.201    -114.434    58
     561.423    -117.177    59
     567.192    -118.822    60
     573.143    -119.451    61
     579.201    -119.151    62
     585.604    -117.877    63
     592.483    -115.429    64
     599.743    -111.541    65
     607.377    -106.067    66
     615.526     -98.990    67
     623.981     -90.179    68
     631.851     -79.323    69
     638.052     -66.374    70
     642.117     -51.960    71
     644.391     -37.081    72
     645.443     -22.388    73
      7.20
     642.877     -29.620     1
     643.197     -15.729     2
     642.453      -1.727     3
     640.515      12.472     4
     637.592      26.869     5
     634.049      41.612     6
     629.959      56.774     7
     624.920      71.968     8
     618.302      86.339     9
     609.705      98.881    10
     599.319     108.850    11
     587.876     116.151    12
     576.173     121.342    13
     564.588     125.032    14
     553.133     127.211    15
     541.945     127.410    16
     531.513     125.477    17
     522.387     121.897    18
     514.877     117.339    19
     509.070     112.248    20
     504.928     106.906    21
     502.200     101.505    22
     500.486      95.985    23
     499.577      90.072    24
     499.619      83.656    25
     500.747      76.983    26
     502.744      70.421    27
     505.241      64.234    28
     508.109      58.631    29
     511.398      53.762    30
     515.061      49.523    31
     519.006      45.539    32
     523.330      41.388    33
     528.201      36.745    34
     533.524      31.381    35
     538.980      25.211    36
     544.278      18.348    37
     549.140      10.939    38
     553.106       3.021    39
     555.743      -5.300    40
     557.107     -13.711    41
     557.672     -21.984    42
     557.745     -30.236    43
     557.217     -38.549    44
     555.967     -46.468    45
     554.211     -53.291    46
     552.258     -58.813    47
     550.192     -63.449    48
     548.006     -67.712    49
     545.908     -71.946    50
     544.319     -76.473    51
     543.640     -81.493    52
     544.111     -86.791    53
     545.759     -91.972    54
     548.377     -97.009    55
     551.657    -102.133    56
     555.494    -107.168    57
     560.023    -111.422    58
     565.236    -114.384    59
     570.723    -116.148    60
     575.988    -117.036    61
     580.981    -117.166    62
     586.114    -116.476    63
     591.788    -114.824    64
     598.100    -111.911    65
     605.020    -107.398    66
     612.572    -101.172    67
     620.569     -93.235    68
     628.285     -83.393    69
     634.670     -71.464    70
     639.062     -57.887    71
     641.605     -43.683    72
     642.877     -29.620    73
      9.00
     640.730     -36.799     1
     641.309     -23.253     2
     640.716      -9.423     3
     638.987       4.724     4
     636.412      19.195     5
     633.386      34.060     6
     630.020      49.333     7
     625.924      64.733     8
     620.379      79.595     9
     612.802      92.989    10
     603.172     104.077    11
     592.061     112.580    12
     580.235     118.915    13
     568.196     123.653    14
     556.109     126.831    15
     544.120     127.983    16
     532.643     126.851    17
     522.250     123.769    18
     513.361     119.346    19
     506.117     114.042    20
     500.516     108.179    21
     496.517     102.042    22
     493.990      95.790    23
     492.681      89.404    24
     492.353      82.876    25
     492.898      76.352    26
     494.255      70.036    27
     496.279      64.108    28
     498.777      58.753    29
     501.651      54.061    30
     504.949      49.836    31
     508.807      45.668    32
     513.390      41.268    33
     518.792      36.563    34
     524.863      31.484    35
     531.171      25.876    36
     537.254      19.689    37
     542.833      13.059    38
     547.745       6.154    39
     551.786       -.921    40
     554.859      -8.095    41
     557.155     -15.453    42
     558.906     -23.333    43
     559.957     -31.975    44
     559.883     -40.960    45
     558.625     -49.299    46
     556.730     -56.228    47
     554.817     -61.738    48
     553.055     -66.309    49
     551.390     -70.419    50
     550.043     -74.401    51
     549.466     -78.475    52
     549.868     -82.710    53
     551.087     -87.108    54
     552.936     -91.795    55
     555.480     -96.914    56
     558.904    -102.215    57
     563.273    -106.977    58
     568.390    -110.521    59
     573.784    -112.680    60
     578.891    -113.705    61
     583.434    -113.920    62
     587.698    -113.538    63
     592.307    -112.550    64
     597.693    -110.617    65
     603.883    -107.210    66
     610.690    -101.976    67
     617.857     -94.873    68
     624.907     -85.949    69
     631.110     -75.269    70
     635.846     -63.136    71
     638.975     -50.140    72
     640.730     -36.799    73
     10.80
     639.877     -43.746     1
     640.726     -30.428     2
     640.081     -16.582     3
     638.228      -2.353     4
     635.712      12.145     5
     632.948      26.877     6
     629.937      41.838     7
     626.302      56.868     8
     621.452      71.491     9
     614.832      85.027    10
     606.264      96.949    11
     596.054     107.106    12
     584.689     115.535    13
     572.480     122.108    14
     559.644     126.485    15
     546.642     128.417    16
     534.144     127.991    17
     522.702     125.529    18
     512.613     121.398    19
     504.063     115.995    20
     497.176     109.761    21
     491.933     103.068    22
     488.211      96.138    23
     485.932      89.138    24
     485.003      82.279    25
     485.143      75.743    26
     485.960      69.592    27
     487.225      63.848    28
     488.937      58.553    29
     491.178      53.658    30
     494.070      48.954    31
     497.852      44.259    32
     502.740      39.575    33
     508.637      34.923    34
     515.096      30.111    35
     521.619      24.878    36
     527.890      19.216    37
     533.772      13.373    38
     539.194       7.566    39
     544.131       1.840    40
     548.573      -3.884    41
     552.512      -9.886    42
     555.925     -16.747    43
     558.711     -25.012    44
     560.598     -34.533    45
     561.279     -44.298    46
     560.780     -53.066    47
     559.572     -60.157    48
     558.229     -65.617    49
     557.058     -69.844    50
     556.174     -73.239    51
     555.744     -76.165    52
     555.925     -79.009    53
     556.683     -82.183    54
     557.939     -86.020    55
     559.846     -90.608    56
     562.704     -95.662    57
     566.611    -100.578    58
     571.322    -104.696    59
     576.414    -107.581    60
     581.421    -109.165    61
     585.967    -109.715    62
     590.036    -109.644    63
     594.102    -109.173    64
     598.773    -108.082    65
     604.293    -105.801    66
     610.456    -101.792    67
     616.902     -95.860    68
     623.260     -88.120    69
     629.084     -78.804    70
     633.941     -68.146    71
     637.575     -56.382    72
     639.877     -43.746    73
     12.60
     639.539     -49.969     1
     640.851     -36.990     2
     640.526     -23.148     3
     638.848      -8.747     4
     636.349       5.791     5
     633.433      20.213     6
     630.194      34.554     7
     626.409      48.790     8
     621.636      62.575     9
     615.506      75.591    10
     607.956      87.951    11
     599.066      99.816    12
     588.697     110.612    13
     576.662     119.137    14
     563.298     124.608    15
     549.553     127.261    16
     536.355     127.748    17
     524.133     126.329    18
     513.044     122.965    19
     503.320     117.892    20
     495.169     111.666    21
     488.603     104.737    22
     483.590      97.326    23
     480.205      89.707    24
     478.412      82.308    25
     477.863      75.453    26
     478.134      69.209    27
     479.029      63.501    28
     480.543      58.228    29
     482.707      53.233    30
     485.636      48.348    31
     489.574      43.525    32
     494.633      38.821    33
     500.552      34.197    34
     506.848      29.458    35
     513.155      24.462    36
     519.318      19.296    37
     525.265      14.169    38
     530.915       9.168    39
     536.191       4.197    40
     541.102       -.917    41
     545.823      -6.402    42
     550.557     -12.655    43
     555.156     -20.203    44
     558.942     -29.275    45
     561.208     -39.332    46
     561.922     -49.144    47
     561.729     -57.516    48
     561.277     -63.944    49
     560.816     -68.586    50
     560.443     -71.802    51
     560.341     -73.972    52
     560.600     -75.697    53
     561.143     -77.789    54
     562.044     -80.828    55
     563.682     -84.799    56
     566.383     -89.242    57
     570.058     -93.670    58
     574.346     -97.738    59
     578.932    -101.156    60
     583.578    -103.668    61
     588.072    -105.195    62
     592.353    -105.878    63
     596.614    -105.887    64
     601.125    -105.183    65
     606.037    -103.471    66
     611.384    -100.393    67
     617.083     -95.760    68
     622.844     -89.565    69
     628.229     -81.841    70
     632.922     -72.594    71
     636.769     -61.904    72
     639.539     -49.969    73
     14.40
     638.549     -55.029     1
     640.290     -42.590     2
     640.705     -29.051     3
     639.788     -14.752     4
     637.637       -.302     5
     634.521      13.782     6
     630.787      27.437     7
     626.507      40.763     8
     621.415      53.613     9
     615.319      65.946    10
     608.342      78.311    11
     600.474      91.172    12
     591.136     103.697    13
     579.690     113.986    14
     566.392     120.834    15
     552.428     124.675    16
     538.920     126.510    17
     526.249     126.548    18
     514.413     124.415    19
     503.612     120.151    20
     494.191     114.320    21
     486.316     107.387    22
     480.034      99.595    23
     475.490      91.379    24
     472.755      83.377    25
     471.529      76.005    26
     471.309      69.316    27
     471.833      63.246    28
     473.149      57.699    29
     475.292      52.438    30
     478.178      47.193    31
     481.815      41.925    32
     486.323      36.795    33
     491.631      31.885    34
     497.370      27.108    35
     503.186      22.401    36
     509.028      17.849    37
     515.017      13.588    38
     521.187       9.635    39
     527.460       5.762    40
     533.720       1.510    41
     539.798      -3.613    42
     545.504      -9.891    43
     550.766     -17.373    44
     555.572     -26.004    45
     559.606     -35.509    46
     562.188     -45.153    47
     562.916     -53.863    48
     562.353     -60.798    49
     561.683     -65.735    50
     561.643     -68.946    51
     562.051     -70.967    52
     562.468     -72.540    53
     562.974     -74.480    54
     564.062     -77.286    55
     566.047     -80.879    56
     568.899     -84.818    57
     572.491     -88.674    58
     576.654     -92.205    59
     581.070     -95.333    60
     585.420     -98.065    61
     589.715    -100.329    62
     594.192    -101.864    63
     598.905    -102.365    64
     603.630    -101.758    65
     608.238    -100.185    66
     612.902     -97.723    67
     617.782     -94.255    68
     622.741     -89.573    69
     627.496     -83.458    70
     631.851     -75.681    71
     635.633     -66.149    72
     638.549     -55.029    73
     16.20
     637.299     -58.790     1
     639.191     -47.046     2
     639.927     -34.093     3
     639.616     -20.318     4
     638.072      -6.298     5
     635.159       7.344     6
     631.181      20.379     7
     626.524      32.946     8
     621.151      45.144     9
     614.895      57.107    10
     607.954      69.401    11
     600.485      82.536    12
     591.900      95.818    13
     581.314     107.378    14
     568.747     115.818    15
     555.306     121.340    16
     542.061     124.843    17
     529.304     126.496    18
     517.000     125.803    19
     505.380     122.645    20
     494.825     117.506    21
     485.595     110.838    22
     477.970     102.891    23
     472.297      94.157    24
     468.631      85.440    25
     466.579      77.342    26
     465.687      69.989    27
     465.763      63.258    28
     466.705      56.974    29
     468.317      50.902    30
     470.501      44.839    31
     473.363      38.801    32
     476.978      32.961    33
     481.222      27.454    34
     485.977      22.387    35
     491.289      17.934    36
     497.175      14.167    37
     503.448      10.841    38
     509.924       7.527    39
     516.643       3.950    40
     523.744        .051    41
     531.196      -4.257    42
     538.760      -9.256    43
     546.078     -15.345    44
     552.717     -22.799    45
     558.198     -31.450    46
     562.138     -40.517    47
     564.440     -48.865    48
     565.390     -55.585    49
     565.577     -60.389    50
     565.615     -63.557    51
     565.836     -65.730    52
     566.292     -67.716    53
     567.070     -70.170    54
     568.432     -73.268    55
     570.583     -76.750    56
     573.427     -80.283    57
     576.714     -83.664    58
     580.271     -86.741    59
     583.986     -89.455    60
     587.763     -91.936    61
     591.687     -94.275    62
     596.014     -96.142    63
     600.798     -96.960    64
     605.658     -96.526    65
     610.165     -95.188    66
     614.280     -93.316    67
     618.246     -90.885    68
     622.232     -87.604    69
     626.278     -83.123    70
     630.363     -77.015    71
     634.221     -68.905    72
     637.299     -58.790    73
     18.00
     636.606     -61.410     1
     637.992     -50.347     2
     638.562     -38.176     3
     638.474     -25.317     4
     637.408     -12.116     5
     634.951        .926     6
     631.089      13.403     7
     626.158      25.359     8
     620.453      37.163     9
     614.122      49.187    10
     607.298      61.744    11
     600.021      75.026    12
     591.941      88.641    13
     582.432     101.342    14
     571.189     111.664    15
     558.663     118.929    16
     545.739     123.418    17
     533.062     125.639    18
     520.796     125.750    19
     508.922     123.706    20
     497.604     119.583    21
     487.246     113.603    22
     478.309     106.093    23
     471.133      97.552    24
     465.847      88.632    25
     462.369      79.896    26
     460.491      71.621    27
     459.942      63.845    28
     460.428      56.487    29
     461.679      49.428    30
     463.522      42.567    31
     465.902      35.906    32
     468.847      29.590    33
     472.450      23.899    34
     476.810      19.106    35
     481.891      15.224    36
     487.457      11.883    37
     493.323       8.605    38
     499.641       5.199    39
     506.737       1.704    40
     514.575      -2.018    41
     522.656      -6.302    42
     530.568     -11.227    43
     538.382     -16.519    44
     546.206     -22.100    45
     553.515     -28.314    46
     559.348     -35.231    47
     563.218     -42.017    48
     565.541     -47.510    49
     567.079     -51.389    50
     568.250     -54.426    51
     569.139     -57.622    52
     569.914     -61.405    53
     570.951     -65.638    54
     572.570     -69.987    55
     574.842     -74.113    56
     577.632     -77.752    57
     580.708     -80.799    58
     583.836     -83.321    59
     586.914     -85.465    60
     590.090     -87.389    61
     593.659     -89.180    62
     597.812     -90.708    63
     602.479     -91.641    64
     607.355     -91.733    65
     612.030     -91.043    66
     616.166     -89.800    67
     619.726     -88.109    68
     623.080     -85.832    69
     626.686     -82.579    70
     630.548     -77.732    71
     634.078     -70.707    72
     636.606     -61.410    73
     19.80
     635.572     -62.331     1
     636.836     -52.348     2
     637.949     -41.379     3
     638.489     -29.643     4
     637.639     -17.368     5
     635.079      -5.066     6
     631.067       6.826     7
     625.952      18.401     8
     620.039      30.150     9
     613.663      42.472    10
     606.991      55.427    11
     599.818      68.820    12
     591.774      82.199    13
     582.643      94.714    14
     572.352     105.258    15
     560.992     113.034    16
     549.041     118.034    17
     537.183     120.865    18
     525.650     122.076    19
     514.073     121.709    20
     502.275     119.464    21
     490.837     115.163    22
     480.550     108.981    23
     471.704     101.352    24
     464.320      92.782    25
     458.712      83.736    26
     455.269      74.562    27
     453.847      65.479    28
     453.835      56.655    29
     454.736      48.268    30
     456.376      40.435    31
     458.678      33.185    32
     461.601      26.627    33
     465.195      21.047    34
     469.412      16.608    35
     473.982      12.986    36
     478.762       9.550    37
     484.071       5.990    38
     490.421       2.533    39
     497.971       -.585    40
     506.390      -3.642    41
     515.110      -7.220    42
     523.581     -11.598    43
     531.490     -16.545    44
     538.881     -21.666    45
     545.867     -26.691    46
     552.130     -31.424    47
     557.059     -35.642    48
     560.550     -39.222    49
     563.361     -42.367    50
     566.360     -45.602    51
     569.751     -49.472    52
     573.234     -54.172    53
     576.608     -59.434    54
     579.843     -64.754    55
     582.810     -69.685    56
     585.332     -73.916    57
     587.435     -77.246    58
     589.295     -79.689    59
     591.116     -81.577    60
     593.203     -83.332    61
     595.981     -85.050    62
     599.684     -86.443    63
     604.152     -87.240    64
     608.985     -87.456    65
     613.730     -87.203    66
     617.939     -86.474    67
     621.406     -85.244    68
     624.476     -83.517    69
     627.701     -81.009    70
     631.024     -76.985    71
     633.771     -70.755    72
     635.572     -62.331    73
     21.60
     633.574     -61.081     1
     635.900     -52.964     2
     638.068     -43.600     3
     639.236     -33.098     4
     638.632     -21.832     5
     636.111     -10.349     6
     631.991       1.054     7
     626.667      12.493     8
     620.547      24.294     9
     614.049      36.726    10
     607.301      49.791    11
     599.962      63.068    12
     591.587      75.762    13
     582.129      87.019    14
     571.956      96.274    15
     561.526     103.380    16
     551.158     108.566    17
     540.911     112.281    18
     530.493     114.906    19
     519.454     116.435    20
     507.707     116.470    21
     495.753     114.560    22
     484.295     110.543    23
     473.810     104.586    24
     464.678      97.026    25
     457.424      88.232    26
     452.445      78.565    27
     449.615      68.421    28
     448.419      58.270    29
     448.446      48.559    30
     449.547      39.541    31
     451.602      31.324    32
     454.390      24.103    33
     457.671      18.138    34
     461.230      13.353    35
     464.954       9.191    36
     469.060       5.125    37
     474.119       1.184    38
     480.616      -2.301    39
     488.469      -5.301    40
     497.146      -8.140    41
     506.115     -11.044    42
     515.010     -14.052    43
     523.458     -17.296    44
     531.068     -20.964    45
     537.641     -24.899    46
     543.255     -28.597    47
     548.135     -31.757    48
     552.619     -34.586    49
     557.169     -37.495    50
     562.207     -40.791    51
     567.779     -44.716    52
     573.525     -49.473    53
     578.977     -54.980    54
     583.830     -60.750    55
     587.943     -66.137    56
     591.230     -70.615    57
     593.636     -73.867    58
     595.256     -75.891    59
     596.440     -77.104    60
     597.748     -78.111    61
     599.728     -79.247    62
     602.664     -80.445    63
     606.507     -81.495    64
     610.938     -82.177    65
     615.415     -82.205    66
     619.333     -81.386    67
     622.380     -79.914    68
     624.780     -78.152    69
     626.988     -75.996    70
     629.209     -72.747    71
     631.387     -67.781    72
     633.574     -61.081    73
     23.40
     633.905     -58.744     1
     636.509     -52.267     2
     638.664     -44.370     3
     639.732     -35.221     4
     639.216     -25.191     5
     636.945     -14.646     6
     633.026      -3.750     7
     627.765       7.505     8
     621.612      19.202     9
     614.970      31.434    10
     607.919      44.126    11
     600.191      56.763    12
     591.539      68.445    13
     582.099      78.389    14
     572.339      86.398    15
     562.699      92.802    16
     553.317      98.035    17
     543.982     102.371    18
     534.276     105.927    19
     523.847     108.658    20
     512.668     110.284    21
     501.067     110.366    22
     489.501     108.569    23
     478.379     104.797    24
     468.159      99.075    25
     459.454      91.465    26
     452.788      82.205    27
     448.221      71.836    28
     445.399      61.032    29
     443.982      50.321    30
     443.914      40.075    31
     445.166      30.691    32
     447.389      22.548    33
     450.020      15.724    34
     452.742       9.921    35
     455.762       4.761    36
     459.620        .067    37
     464.762      -4.191    38
     471.280      -8.052    39
     478.934     -11.540    40
     487.333     -14.597    41
     496.055     -17.223    42
     504.680     -19.602    43
     512.817     -21.937    44
     520.203     -24.220    45
     526.824     -26.336    46
     532.924     -28.344    47
     538.873     -30.480    48
     544.999     -32.896    49
     551.502     -35.606    50
     558.409     -38.721    51
     565.543     -42.508    52
     572.570     -47.117    53
     579.158     -52.334    54
     585.115     -57.672    55
     590.347     -62.583    56
     594.689     -66.582    57
     597.916     -69.359    58
     599.989     -70.952    59
     601.280     -71.754    60
     602.456     -72.295    61
     604.128     -72.997    62
     606.615     -74.055    63
     609.931     -75.306    64
     613.814     -76.172    65
     617.747     -76.017    66
     621.132     -74.759    67
     623.659     -72.995    68
     625.521     -71.329    69
     627.204     -69.673    70
     629.101     -67.352    71
     631.353     -63.773    72
     633.905     -58.744    73
     25.20
     635.796     -54.932     1
     637.932     -49.766     2
     639.370     -43.291     3
     639.812     -35.646     4
     639.057     -27.041     5
     636.929     -17.647     6
     633.360      -7.544     7
     628.510       3.216     8
     622.671      14.525     9
     616.051      26.204    10
     608.702      37.989    11
     600.624      49.424    12
     591.916      59.833    13
     582.846      68.649    14
     573.741      75.869    15
     564.754      82.032    16
     555.741      87.647    17
     546.408      92.768    18
     536.577      97.176    19
     526.259     100.712    20
     515.583     103.216    21
     504.772     104.330    22
     494.129     103.693    23
     483.904     101.269    24
     474.179      97.229    25
     465.068      91.553    26
     456.960      84.040    27
     450.364      74.755    28
     445.495      64.233    29
     442.234      53.189    30
     440.462      42.223    31
     440.150      31.852    32
     441.053      22.533    33
     442.647      14.460    34
     444.614       7.461    35
     447.216       1.243    36
     450.978      -4.349    37
     456.128      -9.359    38
     462.496     -13.859    39
     469.805     -17.884    40
     477.800     -21.322    41
     486.117     -24.040    42
     494.293     -26.090    43
     501.988     -27.699    44
     509.150     -29.054    45
     515.987     -30.212    46
     522.849     -31.238    47
     530.084     -32.335    48
     537.893     -33.761    49
     546.223     -35.674    50
     554.793     -38.135    51
     563.209     -41.236    52
     571.122     -45.091    53
     578.372     -49.566    54
     584.977     -54.092    55
     590.908     -57.933    56
     595.904     -60.697    57
     599.666     -62.515    58
     602.258     -63.716    59
     604.197     -64.526    60
     606.090     -65.165    61
     608.312     -65.956    62
     611.013     -67.060    63
     614.213     -68.138    64
     617.716     -68.565    65
     621.086     -68.051    66
     623.899     -66.910    67
     626.046     -65.669    68
     627.746     -64.534    69
     629.361     -63.276    70
     631.206     -61.485    71
     633.409     -58.790    72
     635.796     -54.932    73
     27.00
     636.948     -48.480     1
     638.306     -44.583     2
     639.062     -39.723     3
     639.072     -33.851     4
     638.218     -26.917     5
     636.295     -18.934     6
     633.135      -9.978     7
     628.779       -.161     8
     623.384      10.319     9
     617.036      21.069    10
     609.775      31.594    11
     601.762      41.501    12
     593.331      50.534    13
     584.824      58.515    14
     576.367      65.482    15
     567.761      71.835    16
     558.644      78.023    17
     548.828      84.037    18
     538.451      89.416    19
     527.797      93.739    20
     517.112      96.823    21
     506.691      98.438    22
     496.932      98.285    23
     488.014      96.450    24
     479.569      93.453    25
     471.036      89.546    26
     462.395      84.212    27
     454.331      76.753    28
     447.619      67.202    29
     442.585      56.374    30
     439.199      45.196    31
     437.369      34.305    32
     436.920      24.151    33
     437.493      15.035    34
     438.763       6.925    35
     440.752       -.497    36
     443.784      -7.478    37
     448.151     -13.981    38
     453.876     -19.801    39
     460.723     -24.742    40
     468.290     -28.680    41
     476.112     -31.614    42
     483.794     -33.715    43
     491.162     -35.220    44
     498.333     -36.245    45
     505.666     -36.798    46
     513.547     -36.966    47
     522.140     -37.001    48
     531.329     -37.205    49
     540.870     -37.827    50
     550.499     -39.053    51
     559.872     -40.996    52
     568.565     -43.605    53
     576.308     -46.588    54
     583.111     -49.469    55
     589.035     -51.807    56
     593.998     -53.447    57
     597.989     -54.571    58
     601.374     -55.491    59
     604.686     -56.392    60
     608.166     -57.302    61
     611.726     -58.188    62
     615.290     -58.938    63
     618.861     -59.318    64
     622.258     -59.152    65
     625.110     -58.570    66
     627.265     -57.904    67
     628.960     -57.305    68
     630.518     -56.582    69
     632.068     -55.451    70
     633.645     -53.776    71
     635.297     -51.495    72
     636.948     -48.480    73
     28.80
     636.444     -39.077     1
     637.071     -36.512     2
     637.368     -33.402     3
     637.276     -29.492     4
     636.658     -24.487     5
     635.211     -18.179     6
     632.659     -10.628     7
     628.951      -2.112     8
     624.184       7.050     9
     618.428      16.498    10
     611.747      25.739    11
     604.358      34.326    12
     596.552      42.152    13
     588.467      49.427    14
     580.010      56.386    15
     571.005      63.175    16
     561.340      69.899    17
     551.030      76.509    18
     540.262      82.644    19
     529.329      87.776    20
     518.532      91.522    21
     508.171      93.659    22
     498.635      94.047    23
     490.211      92.840    24
     482.636      90.618    25
     475.085      87.830    26
     466.905      84.068    27
     458.379      78.335    28
     450.521      70.131    29
     444.194      59.996    30
     439.598      48.938    31
     436.566      37.757    32
     434.937      26.996    33
     434.544      17.055    34
     435.094       7.980    35
     436.365       -.584    36
     438.482      -8.925    37
     441.839     -16.866    38
     446.699     -23.978    39
     452.886     -29.990    40
     459.846     -34.850    41
     466.997     -38.584    42
     474.064     -41.303    43
     481.159     -43.204    44
     488.583     -44.385    45
     496.611     -44.798    46
     505.392     -44.503    47
     514.920     -43.836    48
     524.982     -43.190    49
     535.215     -42.770    50
     545.266     -42.644    51
     554.880     -42.889    52
     563.789     -43.526    53
     571.657     -44.413    54
     578.308     -45.341    55
     583.945     -46.179    56
     589.042     -46.883    57
     594.001     -47.468    58
     599.007     -48.025    59
     604.105     -48.649    60
     609.264     -49.278    61
     614.328     -49.717    62
     619.043     -49.828    63
     623.144     -49.625    64
     626.443     -49.169    65
     628.881     -48.523    66
     630.582     -47.798    67
     631.820     -47.066    68
     632.852     -46.203    69
     633.805     -44.977    70
     634.718     -43.305    71
     635.613     -41.309    72
     636.444     -39.077    73
     30.60
     635.622     -28.193     1
     635.809     -26.520     2
     635.873     -24.789     3
     635.802     -22.592     4
     635.462     -19.363     5
     634.585     -14.738     6
     632.834      -8.799     7
     629.930      -1.903     8
     625.820       5.634     9
     620.704      13.547    10
     614.831      21.448    11
     608.284      28.938    12
     600.985      35.930    13
     592.880      42.678    14
     584.025      49.438    15
     574.496      56.259    16
     564.349      63.089    17
     553.702      69.839    18
     542.786      76.249    19
     531.862      81.856    20
     521.151      86.223    21
     510.886      89.096    22
     501.372      90.365    23
     492.810      90.104    24
     485.044      88.681    25
     477.543      86.533    26
     469.768      83.598    27
     461.642      79.162    28
     453.689      72.490    29
     446.677      63.549    30
     441.124      53.034    31
     437.133      41.850    32
     434.596      30.716    33
     433.380      20.072    34
     433.292      10.037    35
     434.064        .447    36
     435.584      -8.888    37
     438.078     -17.874    38
     441.872     -26.141    39
     446.952     -33.327    40
     452.884     -39.266    41
     459.189     -43.980    42
     465.711     -47.604    43
     472.615     -50.303    44
     480.177     -52.152    45
     488.627     -53.093    46
     498.036     -53.096    47
     508.211     -52.338    48
     518.736     -51.158    49
     529.175     -49.844    50
     539.231     -48.538    51
     548.674     -47.306    52
     557.249     -46.201    53
     564.772     -45.250    54
     571.359     -44.458    55
     577.450     -43.819    56
     583.565     -43.302    57
     589.988     -42.841    58
     596.674     -42.388    59
     603.402     -41.968    60
     609.944     -41.625    61
     616.094     -41.296    62
     621.574     -40.785    63
     626.037     -39.899    64
     629.255     -38.649    65
     631.298     -37.288    66
     632.491     -36.118    67
     633.218     -35.208    68
     633.764     -34.324    69
     634.280     -33.172    70
     634.804     -31.662    71
     635.279     -29.937    72
     635.622     -28.193    73
     32.40
     635.365     -17.695     1
     635.508     -16.262     2
     635.534     -15.039     3
     635.463     -13.711     4
     635.215     -11.749     5
     634.679      -8.696     6
     633.579      -4.445     7
     631.463        .749     8
     628.039       6.542     9
     623.503      12.715    10
     618.215      19.125    11
     612.177      25.583    12
     605.074      31.918    13
     596.792      38.136    14
     587.584      44.398    15
     577.714      50.826    16
     567.279      57.377    17
     556.441      63.859    18
     545.547      70.000    19
     534.892      75.486    20
     524.588      80.008    21
     514.743      83.318    22
     505.546      85.262    23
     497.029      85.853    24
     488.920      85.328    25
     480.861      83.979    26
     472.694      81.802    27
     464.526      78.374    28
     456.662      73.193    29
     449.515      66.088    30
     443.440      57.239    31
     438.602      46.986    32
     435.078      35.811    33
     432.997      24.360    34
     432.371      13.177    35
     432.854       2.405    36
     433.969      -8.068    37
     435.637     -18.162    38
     438.231     -27.513    39
     442.029     -35.798    40
     446.842     -42.898    41
     452.309     -48.742    42
     458.344     -53.269    43
     465.140     -56.638    44
     472.899     -59.200    45
     481.690     -61.092    46
     491.432     -62.048    47
     501.834     -61.789    48
     512.421     -60.471    49
     522.735     -58.614    50
     532.492     -56.656    51
     541.536     -54.710    52
     549.774     -52.668    53
     557.279     -50.419    54
     564.384     -47.991    55
     571.546     -45.556    56
     579.061     -43.259    57
     586.927     -41.060    58
     594.909     -38.847    59
     602.715     -36.706    60
     610.121     -34.888    61
     616.904     -33.422    62
     622.715     -31.940    63
     627.140     -30.092    64
     630.010     -28.027    65
     631.591     -26.276    66
     632.397     -25.166    67
     632.861     -24.489    68
     633.258     -23.755    69
     633.763     -22.627    70
     634.401     -21.094    71
     634.997     -19.365    72
     635.365     -17.695    73
     34.20
     634.827      -8.220     1
     634.892      -6.621     2
     634.819      -5.275     3
     634.692      -4.050     4
     634.462      -2.700     5
     634.058       -.881     6
     633.307       1.713     7
     631.808       5.152     8
     629.140       9.240     9
     625.237      13.733    10
     620.314      18.528    11
     614.441      23.618    12
     607.433      28.963    13
     599.241      34.509    14
     590.125      40.263    15
     580.374      46.232    16
     570.121      52.288    17
     559.540      58.181    18
     548.993      63.674    19
     538.820      68.604    20
     529.138      72.812    21
     519.951      76.112    22
     511.218      78.386    23
     502.719      79.691    24
     494.055      80.198    25
     485.011      79.985    26
     475.802      78.869    27
     466.895      76.479    28
     458.682      72.535    29
     451.383      67.058    30
     445.081      60.228    31
     439.770      52.068    32
     435.509      42.411    33
     432.552      31.250    34
     431.137      19.041    35
     431.067       6.545    36
     431.778      -5.608    37
     432.915     -17.119    38
     434.680     -27.825    39
     437.479     -37.462    40
     441.422     -45.716    41
     446.338     -52.455    42
     452.112     -57.833    43
     458.824     -62.141    44
     466.604     -65.578    45
     475.483     -68.137    46
     485.309     -69.654    47
     495.705     -69.955    48
     506.146     -69.025    49
     516.169     -67.110    50
     525.521     -64.652    51
     534.165     -62.021    52
     542.268     -59.266    53
     550.202     -56.178    54
     558.370     -52.638    55
     566.940     -48.817    56
     575.799     -44.985    57
     584.740     -41.236    58
     593.568     -37.509    59
     602.041     -33.836    60
     609.850     -30.389    61
     616.698     -27.251    62
     622.330     -24.329    63
     626.536     -21.564    64
     629.276     -19.127    65
     630.834     -17.285    66
     631.699     -16.107    67
     632.262     -15.344    68
     632.733     -14.578    69
     633.256     -13.460    70
     633.885     -11.893    71
     634.480     -10.047    72
     634.827      -8.220    73
     36.00
     634.003        .000     1
     633.893       1.854     2
     633.613       3.484     3
     633.262       4.799     4
     632.902       5.883     5
     632.490       6.961     6
     631.850       8.334     7
     630.689      10.263     8
     628.677      12.836     9
     625.561      15.977    10
     621.219      19.594    11
     615.626      23.653    12
     608.807      28.115    13
     600.861      32.871    14
     592.005      37.807    15
     582.532      42.867    16
     572.717      47.987    17
     562.796      53.007    18
     553.047      57.720    19
     543.747      61.988    20
     534.993      65.757    21
     526.575      69.004    22
     518.097      71.716    23
     509.234      73.879    24
     499.860      75.415    25
     490.037      76.121    26
     480.019      75.730    27
     470.268      74.043    28
     461.335      71.010    29
     453.565      66.715    30
     446.949      61.257    31
     441.313      54.592    32
     436.641      46.486    33
     433.134      36.722    34
     430.930      25.392    35
     429.860      12.957    36
     429.566        .000    37
     429.860     -12.957    38
     430.930     -25.392    39
     433.134     -36.722    40
     436.641     -46.486    41
     441.313     -54.592    42
     446.949     -61.257    43
     453.565     -66.715    44
     461.335     -71.010    45
     470.268     -74.043    46
     480.019     -75.730    47
     490.037     -76.121    48
     499.860     -75.415    49
     509.234     -73.879    50
     518.097     -71.715    51
     526.575     -69.004    52
     534.993     -65.757    53
     543.747     -61.988    54
     553.047     -57.720    55
     562.796     -53.007    56
     572.717     -47.987    57
     582.532     -42.867    58
     592.005     -37.807    59
     600.860     -32.871    60
     608.807     -28.115    61
     615.626     -23.653    62
     621.219     -19.594    63
     625.561     -15.977    64
     628.677     -12.836    65
     630.689     -10.263    66
     631.850      -8.334    67
     632.490      -6.961    68
     632.902      -5.883    69
     633.262      -4.799    70
     633.613      -3.484    71
     633.893      -1.854    72
     634.003        .000    73
     37.80
     634.827       8.220     1
     634.480      10.047     2
     633.885      11.893     3
     633.256      13.460     4
     632.733      14.578     5
     632.262      15.344     6
     631.699      16.107     7
     630.834      17.285     8
     629.275      19.127     9
     626.536      21.564    10
     622.330      24.329    11
     616.698      27.251    12
     609.850      30.389    13
     602.041      33.836    14
     593.568      37.509    15
     584.740      41.236    16
     575.799      44.985    17
     566.940      48.817    18
     558.370      52.638    19
     550.202      56.178    20
     542.268      59.266    21
     534.165      62.021    22
     525.521      64.652    23
     516.169      67.110    24
     506.146      69.025    25
     495.705      69.955    26
     485.309      69.654    27
     475.483      68.137    28
     466.604      65.578    29
     458.824      62.141    30
     452.112      57.833    31
     446.338      52.455    32
     441.422      45.716    33
     437.479      37.462    34
     434.680      27.825    35
     432.915      17.119    36
     431.778       5.608    37
     431.067      -6.545    38
     431.137     -19.041    39
     432.552     -31.250    40
     435.509     -42.411    41
     439.770     -52.068    42
     445.081     -60.228    43
     451.383     -67.058    44
     458.682     -72.535    45
     466.895     -76.479    46
     475.802     -78.869    47
     485.011     -79.985    48
     494.055     -80.198    49
     502.719     -79.691    50
     511.218     -78.386    51
     519.951     -76.112    52
     529.138     -72.812    53
     538.821     -68.604    54
     548.993     -63.674    55
     559.540     -58.181    56
     570.121     -52.288    57
     580.374     -46.232    58
     590.125     -40.263    59
     599.241     -34.509    60
     607.433     -28.963    61
     614.441     -23.618    62
     620.314     -18.528    63
     625.237     -13.733    64
     629.140      -9.240    65
     631.808      -5.152    66
     633.307      -1.713    67
     634.058        .881    68
     634.462       2.700    69
     634.692       4.050    70
     634.819       5.275    71
     634.892       6.621    72
     634.827       8.220    73
     39.60
     635.365      17.695     1
     634.997      19.365     2
     634.401      21.094     3
     633.763      22.627     4
     633.258      23.755     5
     632.861      24.489     6
     632.397      25.166     7
     631.591      26.276     8
     630.010      28.027     9
     627.140      30.092    10
     622.715      31.940    11
     616.904      33.422    12
     610.121      34.888    13
     602.715      36.706    14
     594.909      38.847    15
     586.927      41.060    16
     579.062      43.259    17
     571.546      45.556    18
     564.384      47.991    19
     557.279      50.419    20
     549.774      52.668    21
     541.536      54.710    22
     532.492      56.656    23
     522.735      58.614    24
     512.421      60.471    25
     501.834      61.789    26
     491.432      62.048    27
     481.690      61.092    28
     472.899      59.200    29
     465.140      56.638    30
     458.344      53.269    31
     452.309      48.742    32
     446.842      42.898    33
     442.029      35.798    34
     438.231      27.513    35
     435.637      18.162    36
     433.969       8.068    37
     432.854      -2.405    38
     432.371     -13.177    39
     432.997     -24.360    40
     435.078     -35.811    41
     438.602     -46.986    42
     443.440     -57.239    43
     449.515     -66.088    44
     456.662     -73.193    45
     464.526     -78.374    46
     472.694     -81.802    47
     480.861     -83.979    48
     488.920     -85.328    49
     497.029     -85.853    50
     505.546     -85.262    51
     514.743     -83.318    52
     524.588     -80.008    53
     534.892     -75.486    54
     545.547     -70.000    55
     556.441     -63.859    56
     567.279     -57.377    57
     577.714     -50.826    58
     587.584     -44.398    59
     596.792     -38.136    60
     605.074     -31.918    61
     612.177     -25.583    62
     618.215     -19.125    63
     623.503     -12.715    64
     628.039      -6.542    65
     631.463       -.749    66
     633.579       4.445    67
     634.679       8.696    68
     635.215      11.749    69
     635.463      13.711    70
     635.534      15.039    71
     635.508      16.262    72
     635.365      17.695    73
     41.40
     635.622      28.193     1
     635.279      29.937     2
     634.804      31.662     3
     634.280      33.172     4
     633.764      34.324     5
     633.218      35.208     6
     632.491      36.118     7
     631.298      37.288     8
     629.255      38.649     9
     626.037      39.899    10
     621.574      40.785    11
     616.094      41.296    12
     609.944      41.625    13
     603.402      41.968    14
     596.674      42.388    15
     589.988      42.841    16
     583.565      43.302    17
     577.450      43.819    18
     571.359      44.458    19
     564.772      45.250    20
     557.249      46.200    21
     548.674      47.306    22
     539.231      48.538    23
     529.175      49.844    24
     518.736      51.158    25
     508.211      52.338    26
     498.036      53.096    27
     488.627      53.093    28
     480.177      52.152    29
     472.615      50.303    30
     465.711      47.604    31
     459.189      43.980    32
     452.884      39.266    33
     446.952      33.327    34
     441.872      26.141    35
     438.078      17.874    36
     435.584       8.888    37
     434.064       -.447    38
     433.292     -10.037    39
     433.380     -20.072    40
     434.596     -30.716    41
     437.133     -41.850    42
     441.124     -53.034    43
     446.677     -63.549    44
     453.689     -72.490    45
     461.642     -79.162    46
     469.768     -83.598    47
     477.543     -86.533    48
     485.044     -88.681    49
     492.810     -90.104    50
     501.373     -90.365    51
     510.886     -89.096    52
     521.151     -86.223    53
     531.862     -81.856    54
     542.786     -76.249    55
     553.702     -69.839    56
     564.349     -63.089    57
     574.496     -56.259    58
     584.025     -49.438    59
     592.880     -42.678    60
     600.985     -35.930    61
     608.284     -28.938    62
     614.831     -21.448    63
     620.704     -13.547    64
     625.820      -5.634    65
     629.930       1.903    66
     632.834       8.799    67
     634.585      14.738    68
     635.462      19.363    69
     635.802      22.592    70
     635.873      24.789    71
     635.809      26.520    72
     635.622      28.193    73
     43.20
     636.444      39.077     1
     635.613      41.309     2
     634.718      43.305     3
     633.805      44.977     4
     632.852      46.203     5
     631.820      47.066     6
     630.582      47.798     7
     628.881      48.523     8
     626.443      49.169     9
     623.144      49.625    10
     619.043      49.828    11
     614.328      49.717    12
     609.264      49.278    13
     604.105      48.649    14
     599.007      48.025    15
     594.001      47.467    16
     589.042      46.883    17
     583.945      46.179    18
     578.308      45.341    19
     571.657      44.413    20
     563.789      43.526    21
     554.880      42.889    22
     545.266      42.644    23
     535.215      42.770    24
     524.982      43.190    25
     514.920      43.836    26
     505.392      44.503    27
     496.611      44.798    28
     488.583      44.385    29
     481.159      43.204    30
     474.064      41.303    31
     466.997      38.584    32
     459.846      34.850    33
     452.886      29.990    34
     446.699      23.978    35
     441.839      16.866    36
     438.482       8.925    37
     436.365        .584    38
     435.094      -7.980    39
     434.544     -17.055    40
     434.937     -26.996    41
     436.565     -37.757    42
     439.598     -48.938    43
     444.194     -59.996    44
     450.522     -70.131    45
     458.379     -78.335    46
     466.905     -84.068    47
     475.085     -87.830    48
     482.636     -90.618    49
     490.211     -92.840    50
     498.635     -94.047    51
     508.171     -93.659    52
     518.532     -91.522    53
     529.329     -87.776    54
     540.262     -82.644    55
     551.030     -76.509    56
     561.340     -69.899    57
     571.005     -63.175    58
     580.010     -56.386    59
     588.467     -49.427    60
     596.552     -42.152    61
     604.358     -34.326    62
     611.747     -25.739    63
     618.428     -16.498    64
     624.184      -7.050    65
     628.951       2.112    66
     632.659      10.628    67
     635.211      18.179    68
     636.658      24.487    69
     637.276      29.492    70
     637.368      33.402    71
     637.071      36.512    72
     636.444      39.077    73
     45.00
     636.948      48.480     1
     635.297      51.495     2
     633.645      53.776     3
     632.068      55.451     4
     630.518      56.582     5
     628.961      57.305     6
     627.265      57.904     7
     625.110      58.570     8
     622.258      59.152     9
     618.861      59.317    10
     615.290      58.938    11
     611.726      58.188    12
     608.166      57.302    13
     604.686      56.392    14
     601.373      55.491    15
     597.989      54.571    16
     593.998      53.447    17
     589.035      51.807    18
     583.111      49.469    19
     576.308      46.588    20
     568.565      43.605    21
     559.872      40.996    22
     550.499      39.053    23
     540.870      37.827    24
     531.329      37.205    25
     522.140      37.001    26
     513.547      36.966    27
     505.666      36.798    28
     498.333      36.245    29
     491.162      35.220    30
     483.794      33.715    31
     476.112      31.614    32
     468.290      28.680    33
     460.723      24.742    34
     453.876      19.801    35
     448.151      13.981    36
     443.784       7.478    37
     440.752        .497    38
     438.763      -6.925    39
     437.493     -15.035    40
     436.920     -24.151    41
     437.369     -34.305    42
     439.199     -45.196    43
     442.585     -56.374    44
     447.619     -67.202    45
     454.331     -76.753    46
     462.395     -84.212    47
     471.036     -89.546    48
     479.569     -93.453    49
     488.014     -96.449    50
     496.932     -98.285    51
     506.691     -98.438    52
     517.112     -96.823    53
     527.796     -93.739    54
     538.451     -89.416    55
     548.828     -84.037    56
     558.644     -78.023    57
     567.761     -71.835    58
     576.367     -65.482    59
     584.824     -58.515    60
     593.331     -50.534    61
     601.762     -41.501    62
     609.775     -31.594    63
     617.036     -21.069    64
     623.384     -10.319    65
     628.779        .161    66
     633.135       9.978    67
     636.295      18.934    68
     638.218      26.917    69
     639.071      33.851    70
     639.062      39.723    71
     638.306      44.583    72
     636.948      48.480    73
     46.80
     635.796      54.932     1
     633.409      58.790     2
     631.206      61.485     3
     629.361      63.276     4
     627.746      64.534     5
     626.046      65.669     6
     623.899      66.910     7
     621.086      68.051     8
     617.716      68.565     9
     614.213      68.138    10
     611.013      67.060    11
     608.312      65.956    12
     606.090      65.165    13
     604.197      64.526    14
     602.258      63.716    15
     599.666      62.515    16
     595.904      60.697    17
     590.908      57.932    18
     584.977      54.092    19
     578.372      49.566    20
     571.123      45.091    21
     563.209      41.236    22
     554.793      38.135    23
     546.223      35.674    24
     537.893      33.761    25
     530.084      32.335    26
     522.849      31.238    27
     515.987      30.212    28
     509.150      29.054    29
     501.988      27.699    30
     494.293      26.090    31
     486.117      24.040    32
     477.800      21.322    33
     469.805      17.884    34
     462.496      13.859    35
     456.128       9.359    36
     450.978       4.349    37
     447.216      -1.243    38
     444.614      -7.461    39
     442.647     -14.460    40
     441.053     -22.533    41
     440.150     -31.852    42
     440.462     -42.223    43
     442.234     -53.189    44
     445.495     -64.233    45
     450.364     -74.755    46
     456.960     -84.040    47
     465.068     -91.553    48
     474.179     -97.229    49
     483.904    -101.269    50
     494.129    -103.694    51
     504.772    -104.330    52
     515.583    -103.216    53
     526.259    -100.712    54
     536.577     -97.176    55
     546.408     -92.768    56
     555.741     -87.647    57
     564.754     -82.032    58
     573.741     -75.869    59
     582.846     -68.649    60
     591.916     -59.833    61
     600.624     -49.424    62
     608.702     -37.989    63
     616.051     -26.204    64
     622.671     -14.525    65
     628.510      -3.216    66
     633.360       7.544    67
     636.929      17.647    68
     639.057      27.041    69
     639.812      35.646    70
     639.370      43.291    71
     637.932      49.766    72
     635.796      54.932    73
     48.60
     633.905      58.744     1
     631.353      63.773     2
     629.101      67.352     3
     627.204      69.673     4
     625.521      71.329     5
     623.659      72.995     6
     621.132      74.759     7
     617.747      76.017     8
     613.814      76.172     9
     609.931      75.306    10
     606.615      74.055    11
     604.128      72.997    12
     602.456      72.295    13
     601.280      71.754    14
     599.989      70.952    15
     597.916      69.359    16
     594.689      66.582    17
     590.347      62.583    18
     585.115      57.672    19
     579.158      52.334    20
     572.570      47.117    21
     565.543      42.508    22
     558.409      38.721    23
     551.502      35.606    24
     544.999      32.896    25
     538.873      30.480    26
     532.924      28.344    27
     526.824      26.336    28
     520.203      24.220    29
     512.817      21.937    30
     504.680      19.602    31
     496.055      17.223    32
     487.333      14.597    33
     478.934      11.540    34
     471.280       8.052    35
     464.762       4.191    36
     459.620       -.067    37
     455.762      -4.761    38
     452.742      -9.921    39
     450.020     -15.724    40
     447.389     -22.548    41
     445.166     -30.691    42
     443.914     -40.075    43
     443.982     -50.321    44
     445.399     -61.032    45
     448.221     -71.836    46
     452.788     -82.205    47
     459.454     -91.465    48
     468.159     -99.075    49
     478.379    -104.797    50
     489.501    -108.569    51
     501.067    -110.366    52
     512.668    -110.284    53
     523.847    -108.658    54
     534.276    -105.927    55
     543.982    -102.371    56
     553.317     -98.035    57
     562.699     -92.802    58
     572.339     -86.398    59
     582.099     -78.389    60
     591.539     -68.445    61
     600.191     -56.763    62
     607.919     -44.126    63
     614.970     -31.434    64
     621.612     -19.202    65
     627.765      -7.505    66
     633.026       3.750    67
     636.945      14.646    68
     639.216      25.191    69
     639.732      35.221    70
     638.664      44.370    71
     636.509      52.267    72
     633.905      58.744    73
     50.40
     633.574      61.081     1
     631.387      67.781     2
     629.209      72.747     3
     626.988      75.996     4
     624.780      78.152     5
     622.380      79.914     6
     619.333      81.386     7
     615.415      82.205     8
     610.938      82.177     9
     606.507      81.495    10
     602.664      80.445    11
     599.728      79.247    12
     597.748      78.111    13
     596.440      77.104    14
     595.256      75.891    15
     593.636      73.867    16
     591.230      70.615    17
     587.943      66.137    18
     583.830      60.750    19
     578.977      54.980    20
     573.525      49.473    21
     567.779      44.716    22
     562.207      40.791    23
     557.169      37.495    24
     552.618      34.586    25
     548.135      31.757    26
     543.255      28.597    27
     537.641      24.899    28
     531.068      20.964    29
     523.458      17.296    30
     515.010      14.052    31
     506.115      11.044    32
     497.146       8.140    33
     488.469       5.301    34
     480.616       2.301    35
     474.119      -1.184    36
     469.060      -5.125    37
     464.954      -9.191    38
     461.230     -13.353    39
     457.671     -18.138    40
     454.390     -24.103    41
     451.602     -31.324    42
     449.547     -39.541    43
     448.446     -48.559    44
     448.419     -58.270    45
     449.615     -68.421    46
     452.445     -78.565    47
     457.424     -88.232    48
     464.679     -97.026    49
     473.810    -104.586    50
     484.295    -110.543    51
     495.753    -114.560    52
     507.707    -116.470    53
     519.454    -116.435    54
     530.493    -114.906    55
     540.911    -112.281    56
     551.158    -108.566    57
     561.526    -103.380    58
     571.956     -96.274    59
     582.129     -87.019    60
     591.586     -75.762    61
     599.962     -63.068    62
     607.301     -49.791    63
     614.049     -36.726    64
     620.547     -24.294    65
     626.667     -12.493    66
     631.991      -1.054    67
     636.111      10.349    68
     638.632      21.832    69
     639.236      33.098    70
     638.068      43.600    71
     635.900      52.964    72
     633.574      61.081    73
     52.20
     635.572      62.332     1
     633.771      70.755     2
     631.024      76.985     3
     627.701      81.009     4
     624.477      83.517     5
     621.406      85.244     6
     617.938      86.474     7
     613.730      87.203     8
     608.985      87.456     9
     604.152      87.240    10
     599.684      86.443    11
     595.981      85.050    12
     593.203      83.332    13
     591.117      81.577    14
     589.295      79.689    15
     587.435      77.246    16
     585.332      73.916    17
     582.810      69.685    18
     579.843      64.754    19
     576.608      59.434    20
     573.234      54.172    21
     569.751      49.472    22
     566.360      45.602    23
     563.361      42.367    24
     560.550      39.222    25
     557.059      35.642    26
     552.130      31.424    27
     545.867      26.691    28
     538.881      21.666    29
     531.490      16.545    30
     523.581      11.598    31
     515.110       7.220    32
     506.390       3.642    33
     497.971        .585    34
     490.421      -2.532    35
     484.071      -5.990    36
     478.762      -9.550    37
     473.982     -12.986    38
     469.412     -16.608    39
     465.195     -21.047    40
     461.601     -26.627    41
     458.678     -33.185    42
     456.376     -40.435    43
     454.736     -48.268    44
     453.835     -56.655    45
     453.847     -65.479    46
     455.269     -74.562    47
     458.712     -83.736    48
     464.320     -92.782    49
     471.704    -101.352    50
     480.550    -108.981    51
     490.837    -115.163    52
     502.275    -119.464    53
     514.073    -121.709    54
     525.650    -122.076    55
     537.183    -120.865    56
     549.041    -118.034    57
     560.992    -113.034    58
     572.352    -105.258    59
     582.643     -94.714    60
     591.774     -82.199    61
     599.818     -68.820    62
     606.991     -55.427    63
     613.662     -42.472    64
     620.039     -30.150    65
     625.952     -18.401    66
     631.067      -6.826    67
     635.079       5.066    68
     637.639      17.368    69
     638.489      29.643    70
     637.949      41.379    71
     636.836      52.348    72
     635.572      62.332    73
     54.00
     636.606      61.410     1
     634.078      70.707     2
     630.548      77.732     3
     626.686      82.579     4
     623.081      85.832     5
     619.726      88.109     6
     616.166      89.800     7
     612.030      91.043     8
     607.355      91.733     9
     602.479      91.641    10
     597.812      90.708    11
     593.659      89.180    12
     590.090      87.389    13
     586.914      85.465    14
     583.836      83.321    15
     580.708      80.799    16
     577.632      77.752    17
     574.842      74.113    18
     572.570      69.987    19
     570.951      65.638    20
     569.914      61.405    21
     569.139      57.622    22
     568.250      54.426    23
     567.079      51.389    24
     565.541      47.510    25
     563.218      42.017    26
     559.348      35.231    27
     553.515      28.314    28
     546.206      22.100    29
     538.382      16.519    30
     530.568      11.227    31
     522.656       6.302    32
     514.575       2.018    33
     506.737      -1.704    34
     499.641      -5.199    35
     493.323      -8.605    36
     487.457     -11.883    37
     481.891     -15.224    38
     476.810     -19.106    39
     472.450     -23.899    40
     468.847     -29.590    41
     465.902     -35.906    42
     463.522     -42.567    43
     461.679     -49.428    44
     460.428     -56.486    45
     459.943     -63.845    46
     460.491     -71.621    47
     462.369     -79.896    48
     465.847     -88.632    49
     471.133     -97.552    50
     478.309    -106.093    51
     487.246    -113.603    52
     497.604    -119.583    53
     508.922    -123.706    54
     520.796    -125.750    55
     533.062    -125.639    56
     545.739    -123.419    57
     558.663    -118.929    58
     571.189    -111.664    59
     582.432    -101.342    60
     591.941     -88.641    61
     600.021     -75.026    62
     607.299     -61.744    63
     614.122     -49.187    64
     620.453     -37.163    65
     626.158     -25.359    66
     631.089     -13.403    67
     634.951       -.926    68
     637.408      12.116    69
     638.474      25.317    70
     638.562      38.176    71
     637.992      50.347    72
     636.606      61.410    73
     55.80
     637.299      58.790     1
     634.221      68.905     2
     630.363      77.015     3
     626.278      83.123     4
     622.232      87.604     5
     618.246      90.885     6
     614.280      93.316     7
     610.165      95.188     8
     605.658      96.526     9
     600.798      96.960    10
     596.014      96.142    11
     591.687      94.275    12
     587.763      91.936    13
     583.986      89.455    14
     580.271      86.741    15
     576.714      83.664    16
     573.427      80.283    17
     570.583      76.750    18
     568.432      73.268    19
     567.070      70.170    20
     566.293      67.716    21
     565.836      65.730    22
     565.615      63.557    23
     565.577      60.389    24
     565.390      55.585    25
     564.440      48.865    26
     562.138      40.517    27
     558.198      31.450    28
     552.717      22.799    29
     546.078      15.345    30
     538.760       9.256    31
     531.196       4.257    32
     523.744       -.051    33
     516.643      -3.950    34
     509.924      -7.527    35
     503.448     -10.841    36
     497.175     -14.167    37
     491.290     -17.934    38
     485.977     -22.387    39
     481.222     -27.454    40
     476.978     -32.961    41
     473.363     -38.801    42
     470.501     -44.839    43
     468.317     -50.902    44
     466.705     -56.974    45
     465.763     -63.258    46
     465.687     -69.989    47
     466.579     -77.342    48
     468.631     -85.440    49
     472.297     -94.157    50
     477.970    -102.891    51
     485.595    -110.838    52
     494.825    -117.506    53
     505.380    -122.645    54
     517.000    -125.803    55
     529.304    -126.496    56
     542.060    -124.843    57
     555.306    -121.340    58
     568.747    -115.818    59
     581.314    -107.378    60
     591.900     -95.818    61
     600.485     -82.536    62
     607.954     -69.401    63
     614.895     -57.107    64
     621.151     -45.144    65
     626.524     -32.946    66
     631.181     -20.379    67
     635.159      -7.344    68
     638.072       6.298    69
     639.616      20.318    70
     639.927      34.093    71
     639.191      47.046    72
     637.299      58.790    73
     57.60
     638.549      55.029     1
     635.633      66.149     2
     631.851      75.680     3
     627.496      83.458     4
     622.741      89.573     5
     617.782      94.255     6
     612.902      97.723     7
     608.238     100.185     8
     603.630     101.758     9
     598.905     102.365    10
     594.192     101.864    11
     589.715     100.329    12
     585.421      98.065    13
     581.070      95.333    14
     576.654      92.205    15
     572.491      88.674    16
     568.899      84.818    17
     566.047      80.879    18
     564.062      77.286    19
     562.974      74.480    20
     562.468      72.540    21
     562.051      70.967    22
     561.643      68.946    23
     561.683      65.735    24
     562.353      60.798    25
     562.916      53.863    26
     562.188      45.153    27
     559.606      35.509    28
     555.572      26.004    29
     550.766      17.373    30
     545.504       9.891    31
     539.798       3.613    32
     533.720      -1.510    33
     527.460      -5.762    34
     521.187      -9.635    35
     515.017     -13.588    36
     509.028     -17.849    37
     503.186     -22.401    38
     497.369     -27.108    39
     491.631     -31.885    40
     486.323     -36.795    41
     481.815     -41.925    42
     478.178     -47.193    43
     475.292     -52.438    44
     473.149     -57.699    45
     471.834     -63.246    46
     471.309     -69.316    47
     471.529     -76.005    48
     472.755     -83.377    49
     475.490     -91.379    50
     480.034     -99.595    51
     486.316    -107.387    52
     494.191    -114.320    53
     503.612    -120.151    54
     514.413    -124.415    55
     526.249    -126.548    56
     538.920    -126.510    57
     552.428    -124.675    58
     566.392    -120.834    59
     579.690    -113.986    60
     591.136    -103.697    61
     600.474     -91.172    62
     608.342     -78.311    63
     615.318     -65.946    64
     621.415     -53.613    65
     626.507     -40.763    66
     630.787     -27.437    67
     634.521     -13.782    68
     637.637        .302    69
     639.788      14.752    70
     640.705      29.051    71
     640.290      42.590    72
     638.549      55.029    73
     59.40
     639.539      49.969     1
     636.769      61.904     2
     632.922      72.594     3
     628.229      81.841     4
     622.844      89.565     5
     617.083      95.760     6
     611.384     100.393     7
     606.037     103.471     8
     601.125     105.183     9
     596.614     105.887    10
     592.353     105.878    11
     588.072     105.195    12
     583.578     103.668    13
     578.932     101.156    14
     574.346      97.738    15
     570.058      93.670    16
     566.383      89.242    17
     563.682      84.799    18
     562.044      80.828    19
     561.143      77.789    20
     560.600      75.697    21
     560.341      73.972    22
     560.443      71.802    23
     560.816      68.586    24
     561.277      63.944    25
     561.729      57.516    26
     561.922      49.144    27
     561.208      39.332    28
     558.942      29.275    29
     555.156      20.203    30
     550.557      12.655    31
     545.823       6.402    32
     541.102        .917    33
     536.191      -4.197    34
     530.915      -9.168    35
     525.265     -14.169    36
     519.318     -19.296    37
     513.155     -24.462    38
     506.848     -29.458    39
     500.552     -34.197    40
     494.633     -38.821    41
     489.574     -43.525    42
     485.636     -48.348    43
     482.707     -53.233    44
     480.543     -58.228    45
     479.029     -63.501    46
     478.134     -69.209    47
     477.863     -75.453    48
     478.412     -82.308    49
     480.205     -89.707    50
     483.590     -97.326    51
     488.603    -104.737    52
     495.169    -111.666    53
     503.320    -117.892    54
     513.044    -122.965    55
     524.133    -126.329    56
     536.355    -127.748    57
     549.553    -127.261    58
     563.298    -124.608    59
     576.662    -119.137    60
     588.697    -110.612    61
     599.066     -99.816    62
     607.956     -87.951    63
     615.506     -75.591    64
     621.636     -62.575    65
     626.409     -48.790    66
     630.194     -34.554    67
     633.433     -20.213    68
     636.349      -5.791    69
     638.848       8.747    70
     640.526      23.147    71
     640.851      36.990    72
     639.539      49.969    73
     61.20
     639.877      43.745     1
     637.575      56.382     2
     633.941      68.146     3
     629.084      78.804     4
     623.260      88.120     5
     616.902      95.860     6
     610.456     101.792     7
     604.293     105.801     8
     598.773     108.082     9
     594.102     109.173    10
     590.036     109.644    11
     585.967     109.715    12
     581.421     109.165    13
     576.414     107.581    14
     571.322     104.696    15
     566.611     100.578    16
     562.704      95.662    17
     559.846      90.608    18
     557.939      86.020    19
     556.684      82.183    20
     555.925      79.009    21
     555.744      76.165    22
     556.174      73.239    23
     557.058      69.844    24
     558.229      65.617    25
     559.572      60.157    26
     560.780      53.066    27
     561.279      44.298    28
     560.598      34.533    29
     558.711      25.012    30
     555.925      16.747    31
     552.512       9.886    32
     548.573       3.884    33
     544.131      -1.840    34
     539.194      -7.566    35
     533.772     -13.373    36
     527.890     -19.216    37
     521.619     -24.878    38
     515.096     -30.111    39
     508.637     -34.923    40
     502.740     -39.575    41
     497.852     -44.259    42
     494.070     -48.954    43
     491.178     -53.658    44
     488.937     -58.553    45
     487.225     -63.848    46
     485.960     -69.592    47
     485.143     -75.743    48
     485.003     -82.279    49
     485.932     -89.138    50
     488.211     -96.138    51
     491.933    -103.068    52
     497.176    -109.761    53
     504.063    -115.995    54
     512.613    -121.398    55
     522.702    -125.529    56
     534.144    -127.991    57
     546.642    -128.417    58
     559.644    -126.485    59
     572.480    -122.108    60
     584.689    -115.535    61
     596.053    -107.106    62
     606.264     -96.949    63
     614.832     -85.027    64
     621.452     -71.491    65
     626.302     -56.868    66
     629.937     -41.838    67
     632.948     -26.877    68
     635.712     -12.145    69
     638.228       2.353    70
     640.081      16.582    71
     640.726      30.428    72
     639.877      43.745    73
     63.00
     640.730      36.799     1
     638.975      50.140     2
     635.846      63.136     3
     631.110      75.269     4
     624.907      85.949     5
     617.857      94.873     6
     610.690     101.976     7
     603.883     107.210     8
     597.693     110.617     9
     592.307     112.550    10
     587.698     113.538    11
     583.434     113.920    12
     578.891     113.705    13
     573.784     112.680    14
     568.390     110.521    15
     563.273     106.977    16
     558.904     102.215    17
     555.480      96.914    18
     552.936      91.795    19
     551.087      87.108    20
     549.868      82.710    21
     549.466      78.475    22
     550.043      74.401    23
     551.390      70.419    24
     553.055      66.309    25
     554.817      61.738    26
     556.730      56.228    27
     558.625      49.299    28
     559.883      40.960    29
     559.957      31.975    30
     558.906      23.333    31
     557.155      15.453    32
     554.859       8.095    33
     551.786        .921    34
     547.745      -6.154    35
     542.833     -13.059    36
     537.254     -19.688    37
     531.171     -25.876    38
     524.863     -31.484    39
     518.792     -36.563    40
     513.390     -41.268    41
     508.807     -45.668    42
     504.949     -49.836    43
     501.651     -54.061    44
     498.777     -58.753    45
     496.279     -64.108    46
     494.255     -70.036    47
     492.898     -76.352    48
     492.353     -82.876    49
     492.681     -89.404    50
     493.990     -95.790    51
     496.517    -102.042    52
     500.516    -108.179    53
     506.117    -114.042    54
     513.361    -119.346    55
     522.250    -123.769    56
     532.643    -126.851    57
     544.120    -127.983    58
     556.109    -126.831    59
     568.196    -123.653    60
     580.235    -118.915    61
     592.061    -112.580    62
     603.172    -104.077    63
     612.802     -92.990    64
     620.379     -79.595    65
     625.924     -64.733    66
     630.020     -49.333    67
     633.386     -34.060    68
     636.412     -19.195    69
     638.987      -4.724    70
     640.716       9.423    71
     641.309      23.253    72
     640.730      36.799    73
     64.80
     642.876      29.620     1
     641.605      43.683     2
     639.062      57.887     3
     634.670      71.464     4
     628.285      83.393     5
     620.569      93.235     6
     612.572     101.172     7
     605.020     107.398     8
     598.100     111.911     9
     591.788     114.824    10
     586.114     116.476    11
     580.981     117.166    12
     575.988     117.036    13
     570.723     116.148    14
     565.236     114.384    15
     560.023     111.422    16
     555.494     107.168    17
     551.657     102.133    18
     548.377      97.009    19
     545.759      91.972    20
     544.111      86.791    21
     543.640      81.493    22
     544.319      76.473    23
     545.908      71.946    24
     548.006      67.712    25
     550.192      63.449    26
     552.258      58.813    27
     554.211      53.291    28
     555.967      46.468    29
     557.217      38.549    30
     557.745      30.236    31
     557.672      21.984    32
     557.107      13.711    33
     555.743       5.300    34
     553.106      -3.021    35
     549.140     -10.939    36
     544.278     -18.348    37
     538.980     -25.211    38
     533.525     -31.381    39
     528.201     -36.745    40
     523.330     -41.388    41
     519.005     -45.539    42
     515.061     -49.522    43
     511.398     -53.762    44
     508.109     -58.631    45
     505.242     -64.234    46
     502.744     -70.421    47
     500.747     -76.983    48
     499.619     -83.656    49
     499.577     -90.072    50
     500.486     -95.985    51
     502.200    -101.505    52
     504.928    -106.906    53
     509.070    -112.248    54
     514.877    -117.339    55
     522.387    -121.897    56
     531.513    -125.477    57
     541.945    -127.410    58
     553.133    -127.211    59
     564.588    -125.032    60
     576.173    -121.342    61
     587.876    -116.151    62
     599.319    -108.851    63
     609.705     -98.881    64
     618.302     -86.339    65
     624.920     -71.968    66
     629.959     -56.774    67
     634.049     -41.612    68
     637.592     -26.869    69
     640.515     -12.472    70
     642.453       1.727    71
     643.197      15.729    72
     642.876      29.620    73
     66.60
     645.443      22.388     1
     644.391      37.081     2
     642.117      51.960     3
     638.052      66.374     4
     631.851      79.323     5
     623.981      90.179     6
     615.526      98.990     7
     607.377     106.067     8
     599.743     111.541     9
     592.483     115.429    10
     585.604     117.877    11
     579.201     119.151    12
     573.143     119.451    13
     567.193     118.822    14
     561.423     117.177    15
     556.201     114.434    16
     551.668     110.707    17
     547.563     106.351    18
     543.719     101.663    19
     540.506      96.612    20
     538.558      91.062    21
     538.181      85.218    22
     539.158      79.610    23
     541.018      74.589    24
     543.291      70.068    25
     545.653      65.751    26
     548.011      61.334    27
     550.448      56.432    28
     552.960      50.601    29
     555.322      43.654    30
     557.235      35.818    31
     558.500      27.467    32
     558.911      18.828    33
     558.167      10.022    34
     556.099       1.243    35
     552.890      -7.229    36
     548.912     -15.120    37
     544.434     -22.208    38
     539.655     -28.383    39
     534.888     -33.712    40
     530.419     -38.408    41
     526.269     -42.747    42
     522.323     -47.088    43
     518.651     -51.869    44
     515.408     -57.373    45
     512.504     -63.534    46
     509.707     -70.096    47
     507.174     -76.901    48
     505.509     -83.812    49
     505.139     -90.466    50
     505.874     -96.418    51
     507.288    -101.601    52
     509.346    -106.380    53
     512.436    -111.114    54
     516.965    -115.831    55
     523.146    -120.313    56
     531.028    -124.167    57
     540.440    -126.775    58
     550.905    -127.493    59
     561.845    -126.115    60
     572.963    -122.952    61
     584.261    -118.287    62
     595.617    -111.883    63
     606.460    -103.197    64
     616.003     -92.003    65
     623.766     -78.730    66
     629.848     -64.280    67
     634.716     -49.551    68
     638.777     -35.021    69
     642.079     -20.693    70
     644.379      -6.396    71
     645.481       7.945    72
     645.443      22.388    73
     68.40
     646.649      14.711     1
     645.769      29.810     2
     643.613      44.948     3
     639.787      59.623     4
     634.128      73.207     5
     626.954      85.170     6
     618.917      95.284     7
     610.595     103.575     8
     602.274     110.104     9
     594.060     114.913    10
     586.042     118.188    11
     578.298     120.263    12
     570.841     121.322    13
     563.720     121.235    14
     557.137     119.854    15
     551.335     117.355    16
     546.328     114.148    17
     541.889     110.461    18
     537.920     106.186    19
     534.770     101.147    20
     533.011      95.432    21
     532.863      89.428    22
     533.930      83.576    23
     535.556      78.102    24
     537.344      72.937    25
     539.292      67.872    26
     541.558      62.780    27
     544.279      57.637    28
     547.535      52.329    29
     551.236      46.527    30
     554.936      39.872    31
     557.929      32.255    32
     559.683      23.860    33
     560.130      14.959    34
     559.468       5.792    35
     557.765      -3.345    36
     554.919     -11.971    37
     550.983     -19.534    38
     546.337     -25.734    39
     541.495     -30.754    40
     536.810     -35.156    41
     532.425     -39.554    42
     528.393     -44.344    43
     524.694     -49.674    44
     521.186     -55.535    45
     517.686     -61.863    46
     514.241     -68.587    47
     511.291     -75.650    48
     509.479     -82.880    49
     509.167     -89.875    50
     510.131     -96.124    51
     511.797    -101.394    52
     513.800    -105.921    53
     516.302    -110.152    54
     519.822    -114.366    55
     524.830    -118.557    56
     531.534    -122.477    57
     539.863    -125.583    58
     549.501    -127.101    59
     559.945    -126.486    60
     570.739    -123.842    61
     581.683    -119.662    62
     592.735    -114.099    63
     603.656    -106.723    64
     613.845     -97.071    65
     622.635     -85.260    66
     629.733     -71.935    67
     635.307     -57.817    68
     639.687     -43.412    69
     643.031     -28.991    70
     645.310     -14.599    71
     646.495       -.091    72
     646.649      14.711    73
     70.20
     646.590       7.287     1
     645.665      22.313     2
     643.399      37.238     3
     639.638      51.733     4
     634.531      65.463     5
     628.337      78.147     6
     621.264      89.529     7
     613.469      99.366     8
     605.082     107.444     9
     596.241     113.625    10
     587.176     117.973    11
     578.185     120.818    12
     569.464     122.515    13
     561.104     123.110    14
     553.312     122.403    15
     546.435     120.382    16
     540.672     117.405    17
     535.945     113.829    18
     532.186     109.670    19
     529.561     104.796    20
     528.205      99.310    21
     527.932      93.538    22
     528.387      87.718    23
     529.373      81.888    24
     530.839      76.034    25
     532.732      70.187    26
     535.075      64.395    27
     538.030      58.699    28
     541.617      53.096    29
     545.467      47.434    30
     549.079      41.410    31
     552.271      34.781    32
     555.131      27.516    33
     557.591      19.687    34
     559.255      11.293    35
     559.691       2.397    36
     558.737      -6.624    37
     556.534     -15.106    38
     553.384     -22.479    39
     549.606     -28.609    40
     545.452     -33.828    41
     541.121     -38.678    42
     536.738     -43.576    43
     532.250     -48.669    44
     527.466     -53.997    45
     522.495     -59.754    46
     518.101     -66.233    47
     515.311     -73.458    48
     514.476     -80.979    49
     514.984     -88.131    50
     515.992     -94.468    51
     517.189     -99.914    52
     518.728    -104.637    53
     520.815    -108.891    54
     523.701    -112.906    55
     527.813    -116.761    56
     533.538    -120.325    57
     540.876    -123.268    58
     549.517    -125.133    59
     559.130    -125.440    60
     569.392    -123.904    61
     579.930    -120.594    62
     590.479    -115.748    63
     600.971    -109.393    64
     611.235    -101.265    65
     620.744     -91.175    66
     628.871     -79.312    67
     635.327     -66.124    68
     640.174     -52.046    69
     643.535     -37.430    70
     645.559     -22.578    71
     646.512      -7.672    72
     646.590       7.287    73
     72.00
     646.598        .000     1
     646.059      15.000     2
     644.405      29.935     3
     641.534      44.641     4
     637.332      58.853     5
     631.743      72.242     6
     624.831      84.448     7
     616.788      95.151     8
     607.887     104.161     9
     598.415     111.439    10
     588.624     116.998    11
     578.736     120.879    12
     568.959     123.197    13
     559.533     124.116    14
     550.743     123.734    15
     542.916     122.081    16
     536.356     119.310    17
     531.235     115.767    18
     527.509     111.773    19
     524.964     107.390    20
     523.373     102.529    21
     522.589      97.202    22
     522.475      91.518    23
     522.823      85.479    24
     523.515      78.997    25
     524.810      72.204    26
     527.272      65.573    27
     531.198      59.572    28
     536.095      54.212    29
     540.886      49.010    30
     544.772      43.424    31
     547.791      37.276    32
     550.504      30.718    33
     553.217      23.860    34
     555.669      16.539    35
     557.362       8.540    36
     557.957        .000    37
     557.362      -8.540    38
     555.669     -16.539    39
     553.217     -23.860    40
     550.504     -30.718    41
     547.792     -37.276    42
     544.771     -43.424    43
     540.886     -49.010    44
     536.095     -54.212    45
     531.198     -59.572    46
     527.272     -65.572    47
     524.810     -72.204    48
     523.515     -78.997    49
     522.823     -85.479    50
     522.475     -91.518    51
     522.589     -97.202    52
     523.373    -102.529    53
     524.964    -107.390    54
     527.509    -111.773    55
     531.235    -115.767    56
     536.356    -119.310    57
     542.916    -122.081    58
     550.743    -123.734    59
     559.533    -124.116    60
     568.959    -123.197    61
     578.736    -120.880    62
     588.624    -116.998    63
     598.415    -111.439    64
     607.887    -104.161    65
     616.788     -95.151    66
     624.831     -84.448    67
     631.743     -72.242    68
     637.332     -58.853    69
     641.534     -44.641    70
     644.405     -29.935    71
     646.059     -15.000    72
     646.598        .000    73
